Genotype ID	B11	Na23	Mg25	Al27	P31	S34	K39	Ca43	Mn55	Fe57	Co59	Ni60	Cu65	Zn66	As75	Se82	Rb85	Sr88	Mo98	Cd111
BESC-100	297.5	27.53	1927	8.8	2732	1967	9738	8633	97.34	179.63	2.71	2.37	5.5	215.57	0.145	0.79	5.6	28.29	0.21	0.71
BESC-101	273.75	47.73	2513	9.15	2316	1813	6247	10962	41.55	88.95	4.65	3.83	4.79	138.63	0.16	0.74	6.58	36.43	0.28	0.51
BESC-104	276.55	53.34	1286	8.88	2100	1499	7786	8802	36.87	54.08	2.84	3.19	6.03	105.41	0.069	0.63	4.48	29.85	0.12	0.48
BESC-105	206.89	32.36	2159	11.53	2459	1707	8218	12051	78.25	91.05	6.38	3.59	6.49	181.43	0.068	0.69	6.24	48.17	0.18	0.66
BESC-107	247.07	35.86	1880	9.63	2204	1617	6593	9618	42.52	65.2	5.18	3.41	6.68	73.76	0.071	0.62	8.19	29.48	0.16	0.58
BESC-108	319.5	36.02	1797	25.8	2269	1630	6718	6027	68.12	152.97	4.41	2.2	4.67	122.26	0.107	0.43	7.73	19.67	0.24	0.47
BESC-109	205.2	26.71	1913	12.89	2121	1392	4782	7818	22.09	83.58	1.49	4.67	6.28	138.78	0.135	0.61	4.43	29.36	0.07	0.33
BESC-112	374.51	47.05	1740	10.03	2350	1664	7346	9028	50.39	79.45	7.27	5.33	6.13	143.21	0.12	0.72	6.37	30.95	0.16	0.62
BESC-113	366.36	61.22	3130	15.48	4522	2657		17452	108.51	152.98	15.57	9.16	18.46	224.67	0.117	0.76		53.76	0.31	1.58
BESC-115	215.36	38.45	1758	16.26	2435	1895	7731	10338	59.47	97.78	6.25	6.03	7.57	248.18	0.062	0.56	4.42	36.99	0.09	0.95
BESC-117	177.51	36.1	1698	23.33	2402	1796	7651	10272	101.02	173.61	5.73	5.05	7.6	202.84	0.054	0.6	6.78	43.23	0.16	0.91
BESC-118	224.09	46.86	1818	21.43	2416	1568	8890	13261	60.16	85.04	3.16	7.7	6.61	255.34	0.062	0.57	7.02	45.77	0.13	1.26
BESC-120	295.34	51.88	1513	16.73	2307	1679	8202	9217	66.88	57.5	4.49	3.47	5.53	147.41	0.056	0.58	6.58	27.36	0.15	1.02
BESC-123	243.32	52.4	1653	6.5	2280	1473	6140	11455	30.78	126.64	1.46	1.94	6	126.18	0.108	0.55	5.38	37.64	0.21	0.35
BESC-124	227.33	30.24	1862	7.99	2270	1678	5872	9802	44.4	203.15	3.57	4.4	5.76	141.33	0.13	0.76	8.24	35.32	0.13	0.66
BESC-129	236.87	51.59	1723	9.73	2700	1784	7237	8890	43.88	50.01	7.91	3.97	7.6	221.25	0.07	0.79	5.29	31.16	0.16	0.83
BESC-13	530.47	80.87	1523	7.29	2392	1710	10416	8725	45.8	63.6	4.02	3.76	5.79	132.44	0.081	0.66	6.66	31.19	0.08	0.65
BESC-130	234.18	36.67	1446	21.35	2626	1668	9363	9511	87.7	58.1	6.8	5.89	6.95	219.32	0.063	0.77	5.71	35.4	0.31	0.7
BESC-133	202.92	31.18	1403	12.89	1947	1402	6028	7575	59.02	56.86	4.58	3.34	4.05	118.73	0.063	0.58	5.98	24.94	0.17	0.6
BESC-134	306.18	57.42	1969	25.13	2587	1744	9758	12550	105.07	81.25	10.81	8.61		237.59	0.072	0.67	5.31	46.17	0.16	1.19
BESC-135	196.05	56.9	1876	13.75	2687	1662	9786	12149	75.97	81.02	7.26	3.97	6.18	260.45	0.081	0.77	10.63	47.32	0.14	1.22
BESC-138	419.25	57.12	1565	10.35	2528	1575	7634	9317	110	59.3	4.88	3.03	5.35	177.06	0.064	0.54	4.46	32.05	0.17	1.08
BESC-14	279.78	92.89	1548	24.07	2649	1750	8128	9219	59.22	99.58	6.06		7.09	222.77	0.087	0.81	6.55	27.96	0.32	0.57
BESC-140	266.49	48.59	1903	53.36	2379	1673	6254	11224	104.14	103.75	5.45	5.37	5.68	187.85	0.063	0.5	3.14	36.57	0.24	1.2
BESC-141	237.54	46.33	1660	20.33	2191	1656	5572	7231	91.87	122.21	5.08	1.87	18.7	136.83	0.078	0.71	4.67	27.67	0.41	0.64
BESC-146	179.18	99.26	1088	77.31	2334	1433	7970	4164	59	227.29	1.66	1.54	5.99	73.64	0.172	0.56	3.4	12.71	0.14	0.29
BESC-147	234.81	24.36	1700	33.73	2661	1778	8421	10531	68.25	67.4	5.13	5.83	9.82	168.97	0.077	0.77	5.15	41.43	0.37	0.93
BESC-15	563.66	66.39	2444	14.72	3083	2292	8303	8300	76.96	94.35	4.67	3.46	6.2	173.21	0.096	1.32	5.54	28.01	0.38	0.52
BESC-152	185.33	30.67	1649	17.43	2337	1683	6394	9884	75.98	65.21	3.14	4.31	7.14	127.67	0.053	0.6	4.47	34.73	0.24	0.9
BESC-154	279.82	34.87	2096	21.25	2566	1947	6451	12482	74.94	113.2	3.09	4.97	5.71	138.27	0.064	0.58	4.7	41.1	0.2	1.06
BESC-155	190.56	32.47	1699	14.78	2582	1806	10306	8463	84.69	73.9	4.18	3.25	6.26	177.72	0.066	0.66	4.97	27.55	0.66	0.72
BESC-156	261.63	38.5	1502	5.71	2262	1576	6545	7797	52.11	56.91	2.14	1.75	6.21	198.06	0.058	0.49	4.11	24.43	0.21	0.82
BESC-161	185.1	23.57	1671	20.34	2175	1576	5742	9140	87.36	74.45	2.55	1.97	4.42	187.62	0.099	0.72	3.45	34.48	0.35	0.63
BESC-162	262.5	48.63	1706	22.32	2546	1885	8704	7903	90.3	60.52	5.02	2.27	5.35	199	0.068	0.68	3.62	29.7	0.4	0.92
BESC-163	283.99	33.73	1309	14.71	2546	1825	8301	6709	70.32	58.64	3.62	2.41	6.14	196.17	0.077	0.76	4.7	22.73	0.5	0.51
BESC-167	215.01	42.6	1796	9.92	2426	1751	6152	11493	48.71	65.19	5.44	2.72	5.49	189.14	0.088	0.55	4.93	45.76	0.27	0.64
BESC-168	402.62	42.84	1244	12.3	2540	1686	7415	7031	57.16	118.77	2.42	2.37	7.04	110.13	0.098	0.75	3.42	23.91	0.22	0.38
BESC-171	263.22	49.34	1656	6.68	2831	1815	9523	9391	97.51	87.8	7.18	4.19	7.46	143.58	0.057	0.57	6.7	29.45	0.18	1.18
BESC-172	192.45	33.61	1849	13.77	1665	1407	4640	5624	54.44	163.01	1.91	1.84	3.86	137.87	0.09	0.5	2.96	18.96	0.26	0.39
BESC-173	236.9	31.85	1398	10.03	2388	1433	6735	7991	62.53	74.8	4.06	3.29	4.5	129.91	0.073	0.71	2.97	29.82	0.1	0.69
BESC-178	201.38	31.6	971	27.03	1994	1341	5718	4910	48.91	56.29	5.65	2.59	6.44	66.6	0.044	0.56	4.16	15.57	0.37	0.3
BESC-179	410.08	45.67	1864	12.26	2361	1784	7149	9989	55.78	79.31	2.94	3.27	5.72	212.21	0.105	0.68	6.34	35.62	0.22	1.13
BESC-18	207.91	31.51	2534	12.3	2445	1697	5718	12556	60.83	115.24	3.91	4.13	5.8	145.82	0.063	0.49	5.17	43.05	0.18	0.57
BESC-180	182.27	28.88	1816	10.12	1915	1524	4142	5667	68.01	271.24	2.08	2.84	4.18	81.88	0.199	0.63	3.44	21.55	0.51	0.43
BESC-181	248.91	53.19	1534	21.16	2391	1806	6743	11016	87.76	69.72	5.71	3.57	6	159.73	0.054	0.62	3.99	41.07	0.34	0.74
BESC-182	284.15	54.62	2092	11.19	2475	1696	7184	13053	42.56	75.79	3.52	4.56	7.23	306.05	0.097	0.73	7.22	49.48	0.21	1.1
BESC-184	233.3	50.53	1020	10.53	2361	1577	7801	5136	51.63	163.62	1.54	1.46	5.27	117.19	0.115	0.51	2.58	15.44	0.2	0.33
BESC-185	228.91	34.29	2074	8.62	2062	1696	4654	11977	49.91	137.42	1.81	2.18	5	156.35	0.101	0.44	3.91	45.52	0.28	1.02
BESC-187	271.56	39.16	2385	24.99	2405	1706	4821	9854	31.14	89.48	4.26	7.3	8.8	166.42	0.072	0.62	4.03	33.27	0.42	0.42
BESC-19	186.5	34.16	1534	21.66	2151	1366	6939	6943	78.6	119.34	5.41	2.76	4.61	121.99	0.088	0.61	7	22.55	0.19	0.61
BESC-191	397.76	22.46	1301	24.29	2546	1837	9974	8450	102.95	74.17	4.92	3.37	6.73	186.85	0.077	0.67	8.34	30.29	0.48	0.86
BESC-195	291.71	39.94	1917	16.54	1924	1439	6007	6670	36.69	77.59	3.96	4.42	7.15	185.62	0.084	0.57	8.77	22.82	0.29	0.5
BESC-197	196.37	23.64	1698	14.86	2513	1901	7129	9629	105.93	157.57	1.73	2.2	4.82	158.99	0.146	0.54	6.69	36.12	0.25	0.7
BESC-198	441.93	32.88	1513	32.03	2506	2036	8936	9002	108.84	102.79	6.57	3.87	5.81	201.37	0.094	0.67	8.2	34.72	0.55	0.73
BESC-199	229.25	37.36	2127	42.23	2454	1781	6664	9266	43.19	85.87	1.31	5.91	6.75	175.77	0.176	0.61	7.95	30.9	0.23	0.61
BESC-200	277.91	33.82	1614	20.16	2197	1776	7344	9013	89.31	115.34	3.87	3.27	4.84	129.69	0.103	0.63	6.22	34.84	0.31	0.67
BESC-201	210.85	31.78	1681	30.88	2525	1682	7452	9349	61.77	99.4	4.32	7.17	9.16	168.05	0.095	0.43	6.83	30.12	0.3	0.76
BESC-202	238.91	67.88	2267	8.42	2225	1586	4791	8865	37.4	122.23	2.82	3.21	4.29	97.69	0.096	0.61	5.47	29.61	0.53	0.52
BESC-205	631.01	59.68	1667	20.65	2581	2047	8623	13548	131.5	112.65	4.43	4.57	6.79	238.96	0.091	0.78	6.85	52.23	0.22	1.05
BESC-206	230.66	60.42	1994	11.51	2281	1477	4906	8449	35.45	97.84	2.82	2.96	4.72	97.29	0.101	0.75	4.33	29.13	0.55	0.5
BESC-208	227.34	42.35	2460	15.4	2286	1587	5922	11068	39.48	103.33	2.95	3.63	6.52	159.97	0.087	0.64	5.76	42.64	0.18	0.72
BESC-209	477.44	50.45	1956	9.97	1768	1598	4681	8810	57.67	49.19	3.5	3.81	4.63	100.82	0.092	0.72	4.2	34.26	0.32	1
BESC-211	237.81	39.35	1505	11.26	2347	1893	7853	7413	56.58	126.72	2.12	1.96	6.67	189.19	0.126	0.69	5.41	25.5	0.19	0.5
BESC-213	260.1	89.31	1897	11.98	2464	1482	7500	4359	38.5	87.3	4.06	5	5.69	93.3	0.195	0.75	7.47	13.94	0.56	0.4
BESC-216	297.04	48.97	2015	35.25	2495	1733	6145	13531	71.8	131.72	2.61	9.07	5.26	190.59	0.099	0.68	4.15	47.94	0.39	1.37
BESC-219	322.28	38.53	2439	10.84	2635	2016	7833	13716	81.22	77.88	4.6	3.26	5.58	115.22	0.083	0.59	7.28	49.26	0.23	1.1
BESC-22	240.24	83.1	2024	30.7	2724	1351	6296	7278	38.52	158.96	2.37	2.58	6.21	71.13	0.109	0.59	4.79	24.19	0.16	0.58
BESC-220	250.84	54.03	1896	10.27	2352	1640	5763	8467	48.4	98.89	2.72	2.86	5.67	102.32	0.105	0.6	7.59	31.41	0.42	0.84
BESC-222	255.94	46.64	1576	16.78	2257	1694	5566	5938	94.52	131.99	4.88	2.39	4.64	138.79	0.085	0.59	5.13	21.76	0.41	0.62
BESC-226	227.96	45.98	1661	7.61	2408	1834	7014	13987	57.16	76.17	3.49	2.82	6.64	215.54	0.109	0.7	7.11	49.73	0.21	1.29
BESC-228	276.71	46.65	1855	15.87	2570	2070	8541	8998	132.37	176.05	3.15	3.01	7.24	238.21	0.215	0.67	7.21	35.1	0.41	0.79
BESC-230	210.12	21.99	1452	8.53	2461	1768	7148	7051	59.45	108.79	4.05	2.89	5.16	102.39	0.082	0.6	9.35	22.49	0.21	0.6
BESC-231	241.47	32.16	1698	20.84	2425	1890	7537	9689	95.83	62.08	6.67	2.82	6.38	183.32	0.053	0.77	3.51	36.48	0.37	0.96
BESC-232	217.08	55.75	1349	42.94	2537	1859	8248	11085	97.22	65.24	6.08	4.21	5.67	143.8	0.047	0.56	4.54	40.43	0.57	0.74
BESC-233	203.61	34.29	1853	15.39	2487	2058	7168	9291	106.98	157.61	2.96	1.43	5.7	149.59	0.134	0.67	4.95	33.03	0.38	0.71
BESC-234	219.31	45.61	1591	8.91	2248	1681	7080	9844	53.96	93.08	2.01	2.33	7.5	158.27	0.12	0.61	5.69	34.44	0.07	1.06
BESC-239	271.16	29.29	3269	11.76	2784	2133	8108	19528	91.8	124.54	5.44	3.4	13.49	246.34	0.091	0.6	5.15	67.58	0.28	1.69
BESC-24	255.28	40.23	1355	6.52	2459	1641	9559	9120	52.23	102.46	3.98	2.55	5.43	166.46	0.059	0.75	4.98	31.66	0.2	0.63
BESC-241	214.35	28.31	1431	21.26	2468	1909	7708	11572	82.85	73.13	5.1	3.52	7.57	168.5	0.068	0.72	4.49	44.13	0.28	0.84
BESC-243	272.69	33.39	1596	13.68	2505	1870	8257	10992	97.89	67.96	3.19	1.5	5.37	176.66	0.053	0.53	5.01	43.46	0.45	1.3
BESC-246	234.78	38.82	1923	12.66	2353	1811	5762	11379	45.39	87.55	1.97	1.93	5.73	160.66	0.067	0.78	3.55	40.63	0.29	0.59
BESC-247	229.93	29.88	769	16.06	1838	1509	7602	3992	46.21	43.85	4.91	2.93	4.58	55.7	0.037	0.63	4.23	11.17	0.26	0.27
BESC-248	257.86	49.18	1342	33.38	2246	1646	8976	8271	77.68	71.66	4.16	2.62	6.2	105.39	0.049	0.53	7.15	33.34	0.21	0.99
BESC-249	203.32	24.7	897	17.77	2245	1659	7067	7144	109.5	70.76	2.86	1.37	4.01	178.3	0.069	0.66	3.5	24.69	0.48	0.8
BESC-25	444.92	25.6	1739	7.16	2076	1672	5108	10149	45.17	99.29	2.58	2.1	3.72	121.45	0.093	0.82	2.17	40.34	0.17	0.38
BESC-251	292.56	39.66	2281	13.71	3339	2310	11707	12320	175.04	126.41	3.93	2.73	8.74	198.07	0.181	0.93	6.53	44.94	0.34	1.28
BESC-255	228.75	32.07	1266	11.23	2351	1507	6239	7068	53.05	87.27	3.49	2.64	4.69	117.74	0.061	0.56	3.84	21.03	0.21	0.58
BESC-256	244.58	28.93	1860	8.3	2639	1628	6327	8229	50.68	86.12	4.81	6.35	7.26	159.63	0.071	0.55	4.9	26.33	0.31	0.66
BESC-257	186.71	39.29	1135	14.36	2274	1666	6204	8409	88.57	57.23	4.69	1.77	4.95	136.46	0.044	0.47	3.14	29.99	0.55	0.57
BESC-258	270.1	27.24	1903	31.47	2371	1680	6931	10603	116.52	120.97	4.55	2.57	6.14	177.39	0.078	0.61	4.57	41.07	0.35	0.62
BESC-259	524.36	42.64	1950	55.02	2807	2019	10386	10141	102.5	103.19	8.29	4.95	7	187.76	0.091	0.82	8.5	34.22	0.45	1.04
BESC-26	229.7	53.02	2106	19.16	2760	1999	9574	11216	105.94	64.13	11.51	4.91	10.02	250.51	0.06	0.63	6.45	38	0.42	0.89
BESC-260	269.54	34.06	1560	7.25	2708	1885	7703	7660	63.77	193.75	3.14	3.25	8.86	176.85	0.157	0.6	5.63	23.03	0.21	0.41
BESC-261	175.27	21.67	1672	20.07	2324	1649	5377	8556	37.95	190.36	2.78	5.15	6.47	149.78	0.15	0.6	5.54	31.48	0.24	0.43
BESC-265	400.23	26.66	1866	23.64	2477	1638	7636	9591	93.07	86.67	5.13	3.72	5.49	174.06	0.067	0.62	6.5	38.3	0.35	0.82
BESC-269	431.46	32.86	1349	31.43	2845	1920	7870	7222	113.6	85.96	7.19	4.17	7.44	248.5	0.089	0.76	5.77	22.94	0.64	0.65
BESC-27	199.49	54.76	1887	20.76	2490	1739	7199	10608	100.56	77.04	9.04	5.78	6.54	138.23	0.062	0.76	4.72	36.84	0.53	0.84
BESC-274	241.37	29.71	2268	9.39	2442	1975	4134	11735	52.22	95.96	6.26	3.42	4.86	144.51	0.102	0.72	4.85	46.87	0.42	0.64
BESC-275	253.64	41.23	1768	27.12	2803	1739	7850	11555	89.59	65.32	9.04	5.39	7.76	173.47	0.067	0.79	4.29	43.13	0.36	1
BESC-276	182.14	39.45	1465	23.25	2080	1506	6669	6489	65.68	151.38	3.98	2.57	5.03	153.98	0.108	0.57	5.1	23.74	0.39	0.47
BESC-277	440.4	47.89	1094	19.56	2433	2074	9698	10718	88.54	101.3	5.83	4.21	7.5	204.18	0.095	0.58	7.85	38.9	0.62	0.81
BESC-278	243.82	31.92	1774	15.67	2506	1714	7488	10242	66.81	70.97	5.25	5.3	13.14	115.39	0.072	0.7	6.68	36.26	0.28	0.74
BESC-280	241.78	40.79	1881	9.45	2521	1698	6275	10392	56.55	77.89	3.84	3.01	15.07	92.77	0.074	0.68	5.57	37.97	0.32	0.44
BESC-281	375.36	31.37	2293	12.64	2363	1613	4520	10310	55.34	116.27	5.63	3.72	6.15	113.39	0.118	0.78	3.97	38.37	0.34	0.46
BESC-284	257.99	31.13	2206	16.36	2991	1848	6662	11067	65.32	144.8	4.17	2.86	5.46	114.66	0.115	0.72	6.64	36.56	0.27	0.6
BESC-285	171.92	26.31	1873	18.64	2192	1708	5222	9510	59.2	93.18	4.84	4.84	5.33	126.36	0.071	0.66	5.74	33.37	0.39	0.48
BESC-287	245.12	33.61	2000	15.04	2232	1600	6021	9549	104.27	200.41	2.9	1.52	4.22	110.31	0.133	0.48	6.31	33.99	0.36	0.38
BESC-288	219.36	24.79	1305	12.34	2410	1528	7291	4517	52.88	158.17	1.94	2.03	4.92	104.9	0.142	0.58	6.3	14.89	0.24	0.25
BESC-289	200.88	42.24	1498	10.26	2631	1700	6141	8637	38.79	130.78	2.89	3.09	6.04	139.71	0.1	0.57	4.86	30	0.23	0.45
BESC-290	340.9	70.43	1377	13.03	2170	1641	6492	8101	37.53	67.61	3.52	2.48	6.32	123.1	0.07	0.64	4.55	29.28	0.37	0.49
BESC-291	234.64	80.72	1561	14.2	2877	1744	7632	8231	61.89	152.62	3.55	2.38	6.31	149.76	0.111	0.6	4.85	25.86	0.16	0.57
BESC-292	190.44	57.7	1725	34.46	1975	1493	4030	9172	33.03	93.73	2.01	4.32	3.32	132.4	0.098	0.62	2.76	31.98	0.3	0.52
BESC-293	234.18	48.34	2173	13.07	2475	1658	5753	12091	48.92	83.11	3.69	4.28	5.82	149.04	0.113	0.52	5.37	44.24	0.25	0.69
BESC-294	220.87	31.47	1355	12.46	2434	1521	8693	7811	62.41	60.24	4.08	3.27	4.17	173.6	0.059	0.44	5.62	25.48	0.47	0.58
BESC-295	208.48	33.17	2175	18.22	2548	1718	7109	12216	103.85	127.09	2.04	2.73	5.15	155.36	0.079	0.66	5.1	48.1	0.34	0.68
BESC-296	222.68	36.81	2343	12.08	3324	2311	8533	13082	113.9	107.46	7.27	5.22	5.38	152.59	0.091	0.87	6.58	45.03	0.22	1.49
BESC-297	165.79	25.56	1557	165.66	2649	1801	7777	12385	127.23	72.05	3.29	1.73	5.29	204.71	0.085	0.65	7.65	44.05	0.45	1.03
BESC-30	252.21	57.31	1490	10.73	2505	1553	6036	9340	43.03	113.06	3.13	2.87	7.42	180.78	0.087	0.52	4.06	28.63	0.14	0.62
BESC-300	234.85	37.44	1062	16.48	2516	1856	7627	7607	91.33	61.79	8.6	3.31	6.35	161.57	0.054	0.79	5.7	24.44	0.31	0.68
BESC-302	195.19	29.52	2089	29.4	2071	1582	5515	8884	43.33	80.32	1.91	1.87	5.23	217.93	0.135	0.52	2.82	32.14	0.25	0.69
BESC-303	431.54	37.72	1522	19.88	2797	1689	8126	6998	75.4	120.72	3.43	2.6	4.78	246.2	0.112	0.72	5.22	22.16	0.21	0.55
BESC-305	212.78	43.84	1594	12.5	2364	1659	6275	9347	59.63	87.6	2.1	2.34	4.72	147.34	0.066	0.67	4.4	31.95	0.13	0.49
BESC-306	187.96	33.93	1998	15.95	2390	1660	5575	9185	100.13	165.71	3.07	9.92	8.2	227.31	0.143	0.64	3.77	31.7	0.39	0.79
BESC-307	299.27	46.28	2331	11.87	2506	1608	5603	13634	49.36	94.75	2.21	5.07	4.53	87.14	0.079	0.59	4.03	48.51	0.3	0.76
BESC-308	199.52	24.43	2141	17.64	2317	1840	6138	8768	131.46	182.02	4.12	2.34	8.45	164.54	0.108	0.57	6.77	31.35	0.38	0.67
BESC-311	232.14	43.38	1616	33.19	2412	1561	7607	8217	59.79	65.32	4.39	9.59	7.17	144.79	0.058	0.6	5.84	26.53	0.33	0.67
BESC-313	221.33	37.37	1859	13.47	2082	1454	7577	9683	52.09	55.64	4.09	3.09	3.83	87.44	0.056	0.54	6.21	35.15	0.4	0.53
BESC-315	229.53	36.39	1241	10.77	1842	1345	4955	4319	50.1	167.35	1.58	1.18	4.06	49.53	0.214	0.6	3.5	16.81	0.13	0.26
BESC-316	218.43	58.07	1406	12.27	2120	1297	5343	4223	35.05	84.48	1.41	1.52	4.68	77.51	0.136	0.44	2.74	13.76	0.21	0.3
BESC-317	206.16	34.4	1365	12.4	2340	1692	7050	10795	91.92	75.95	4.44	2.53	10.81	207.75	0.081	0.61	4.37	42.25	0.32	0.93
BESC-318	191.08	52.68	1208	8.07	2311	1551	7222	7542	41.79	61.7	7.34	4.4	5.52	145.14	0.089	0.74	8.93	25.62	0.18	0.51
BESC-321	230.21	37.25	1704	12.26	2197	1453	6367	9941	49.24	104.12	3.95	3.31	4.15	146.09	0.074	0.58	4.86	36.57	0.28	0.73
BESC-322	246.12	33.75	1910	9.34	2416	1503	5261	9415	47.03	76.47	3.23	2.52	8.45	160	0.091	0.77	4.24	31.12	0.16	0.94
BESC-324	232.49	25.24	1599	15.58	2832	1725	7070	8752	60.39	116.06	4.23	2.68	5.57	127.7	0.079	0.61	4.57	29.35	0.4	0.61
BESC-327	209.49	32.26	2383	30.6	2259	1616	5323	12876	55.85	77.65	2.56	4.21	5.03	92.08	0.072	0.54	3.68	48.07	0.29	0.64
BESC-329	535.86	60.83	1602	26.58	3017	2009	10736	11497	136.62	76.82	6.34	3.74	7.52	234.54	0.081	0.63	9.03	44.26	0.67	1.33
BESC-330	189.33	34.01	1257	14.45	2059	1565	6781	3472	51.14	159.1	1.58	1.29	4.61	47.43	0.149	0.59	4.2	11.65	0.2	0.23
BESC-331	227.37	41.21	1431	13.71	2444	1652	7083	8705	84.11	52.57	5.77	2.96	5.55	99.6	0.057	0.67	6.92	26.6	0.15	1.23
BESC-332	282.79	20.16	2010	15.51	2255	1782	6937	9226	126.7	213.96	4.35	2.73	4.2	172.28	0.117	0.75	5.94	32.23	0.32	0.65
BESC-333	400.73	27.8	1415	21.39	2566	1573	10038	6941	77.92	90.94	5.05	3.24	7.12	180.01	0.081	0.62	7.53	23.73	0.4	0.62
BESC-335	292.42	36.76	1732	13.98	2446	1552	10448	6609	49.73	135.79	3.39	2.72	4.22	128.89	0.217	0.54	7.35	20.88	0.49	0.69
BESC-337	214.64	60.05	1758	24.58	2538	1828	8240	9811	105.65	59.21	5.94	3.73	6.36	221.16	0.063	0.7	5.39	38.25	0.42	1.01
BESC-342	238.27	27.12	2062	22.21	2580	1777	8718	10615	86.74	101.03	4.78	3.88	6.88	219.01	0.087	0.59	8.32	40.91	0.43	0.77
BESC-345	278.27	38.22	1866	34.82	2859	1951	9835	13543	114.58	76.94	7.32	3.49	5.61	205.59	0.067	0.67	5.57	56.17	0.37	0.87
BESC-346	440.84	37.01	1402	24.84	2699	1779	8606	9176	146.01	108.74	7.04	4.24	7.23	156.06	0.079	0.52	6.79	32.29	0.62	0.89
BESC-347	254.16	38.01	1499	28.51	2164	1522	7130	9100	37.88	89.84	4.07	3.15		188.85	0.13	0.5	9.22	32.28	0.29	0.74
BESC-349	526.55	48.57	1672	55.14	2789	1908	10408	9855	101.56	66.68	4.91	7.45	9.36	174.29	0.082	0.5	7.02	35.98	0.53	0.61
BESC-35	406.7	51.24	1910	13.05	2500	1652	7652	8477	72.57	127.37	4.38	3.15	5.84	106.13	0.102	0.63	6.36	30.04	0.21	0.56
BESC-351	250.49	52.63	2032	15.97	2448	1940	6957	14832	71.55	67.24	5.57	3.76	8.76	156.1	0.065	0.55	3.93	57.71	0.21	1.04
BESC-352	272.82	34.91	1434	17.24	2645	1872	9311	12809	111.29	129.83	4.43		6.38	146.42	0.11	0.77	8.11	47.94	0.32	0.91
BESC-353	487.99	48.65	1584	17.9	2829	1916	11319	10831	82.94	91.12	4.01	3.2	6.29	164.41	0.107	0.63	8.57	39.28	0.42	0.71
BESC-358	214.71	40.75	1423	10.89	2384	1465	6648	8078	38.99	73.98	2.13	3.05	7.28	144.91	0.072	0.66	4.97	26.42	0.23	0.41
BESC-359	196.53	31.44	2178	14.38	2795	1887	9083	13422	71.18	102.83	3.94	4.77	7.77	211.91	0.069	0.53	5.81	42.14	0.25	0.68
BESC-36	231.49	39.1	1654	19.59	2256	1506	7506	6321	109.27	159.47	5.54	2.19	5.89	151.69	0.133	0.57	4.67	21.88	0.45	0.61
BESC-360	210.59	29.93	1675	16.38	2301	1760	6759	10222	77.93	89.98	3.11	2.42	5.44	139.93	0.09	0.69	3.73	39.08	0.41	0.54
BESC-361	251.32	26.46	1668	19.84	2503	1596	7016	8549	49.94	80.89	2.91	2.42	6.41	94.01	0.069	0.48	4.95	27.25	0.28	0.46
BESC-362	186.86	23.84	1683	21.01	2231	1716	7192	9685	95.95	70.55	4.22	2.36	5.17	183.55	0.091	0.48	6.72	38.9	0.51	0.72
BESC-364	303.33	70.08	1886	7.79	2805	1833	9280	10168	66.17	107.18	5.66	3.52	7.08	233.56	0.103	0.66	8.38	31.22	0.38	1.41
BESC-365	193.8	42.49	1350	18.03	2092	1412	6094	7441	66.08	168.53	2.67	1.39	4.43	108.07	0.096	0.66	4.06	26.76	0.51	0.21
BESC-368	156.19	25.33	1588	8.83	1657	1197	4007	5200	61.81	105.81	2.64	1.42	3.45	67.57	0.077	0.58	5.51	17.97	0.25	0.32
BESC-369	220.13	36.13	2002	19.5	2549	1738	9316	8966	101.78	82.35	3.49	2.23	5.86	177.21	0.104	0.51	6	32.51	0.78	0.63
BESC-37	209.41	39.18	1691	9.21	2122	1454	6042	4616	55.41	103.62	1.71	1.27	3.83	102.43	0.122	0.59	3.55	14.01	0.26	0.34
BESC-371	231.96	30.41	2012	13.36	2337	1733	6033	7431	63.59	75.41	3.39	3.38	4.85	152.07	0.087	0.67	7.63	26.44	0.22	0.66
BESC-372	389.03	43.84	1597	29.18	2264	1516	7273	8250	97.3	84.27	5.55	3.19	3.7	93.94	0.075	0.55	7.28	33.95	0.34	0.92
BESC-375	332.82	33.66	2395	23.86	2770	2278	6818	12506	105.4	95.74	4.96	2.61	6.21	162.13	0.066	0.76	4.21	46.17	0.23	1.14
BESC-376	208.83	26.13	1749	13.8	2502	1643	6501	7585	83.01	144.37	3.59	2.16	4.34	147.37	0.115	0.54	5.68	23.8	0.24	0.56
BESC-377	229.49	35.48	1521	10.12	2150	1714	5862	7171	75.96	118.96	2.48	1.87	4.33	138.81	0.102	0.54	5.28	23.68	0.39	0.43
BESC-378	216.58	42.68	1497	36.11	2844	1982	8453	10416	110.87	62.48	6.4	3.59	9.01	175.01	0.055	0.62	4.46	39.75	0.56	0.91
BESC-379	186.15	29.07	2065	15.38	2467	1757	5898	11679	44.96	99.99	2.58	4.83	6.34	202.24	0.104	0.66	7.02	38.88	0.27	0.75
BESC-38	510.99	49.72	1679	12.34	2318	1660	9058	9720	60.56	117.98	3.79	4.33	6.91	160.57	0.109	0.71	4.67	35.36	0.36	0.88
BESC-380	229.91	45.54	1346	13.05	2352	1601	9767	8087	65.32	159.07	2.45	2.74	5.53	118.41	0.121	0.52	4.77	27.82	0.34	0.79
BESC-381	235.22	27.36	1769	128.36	2048	1497	5411	7829	71.33	191.3	2.46	1.79	3.09	93.43	0.122	0.57	6.7	27.81	0.45	0.3
BESC-385	214.07	40.31	1161	20.91	2912	1529	8283	5271	41.49	78.96	3.75	3.97	5.08	101.21	0.075	0.66	8.31	15.35	0.38	0.32
BESC-386	347.06	52.12	1566	10	2604	1876	8646	8635	91.46	113.05	2.28	1.9	5.6	168.66	0.095	0.77	4.79	32.54	0.15	0.64
BESC-387	196.21	55.33	2224	5.94	2131	1608	4255	8822	38.29	152.46	1.94	1.81	3.5	104.76	0.134	0.76	4.71	34.72	0.26	0.31
BESC-388	281.57	67.46	1832	16.83	2653	1501	7291	4957	30.67	88.86	1.34	4.2	5.24	66.09	0.089	0.53	3.83	12.48	0.25	0.29
BESC-389	206.64	32.88	2416	7.96	2151	1701	5714	12308	67.29	111.31	2.72	1.98	5.3	176.76	0.105	0.8	6.38	40.74	0.26	1.26
BESC-39	289.03	45.5	1789	11.74	2404	1676	8028	10052	70.49	77.25	3.88	4.76	7.56	287.04	0.095	0.65	5.61	35.04	0.16	1.63
BESC-391	397.92	39.79	1587	18.16	2400	1717	7998	11694	116.35	84.99	5.98	4.16	6.75	205.72	0.078	0.68	6.87	40.82	0.26	0.98
BESC-392	205.75	29.41	1097	23.65	2823	1650	7367	6149	57.35	49.74	5.67	3.25	7.24	133.56	0.049	0.64	4.85	20.33	0.36	0.35
BESC-393	219	49.78	1571	17.91	2627	1963	7307	8132	123.03	183.72	4.94	2.05	6.27	264.86	0.168	0.57	8.16	25.31	0.61	0.53
BESC-394	385.12	42.08	2078	19.45	3080	2231	9263	12614	132.89	103.15	5.2	2.96	6.69	316.64	0.115	0.66	5.87	46.9	0.56	0.74
BESC-395	253.14	61.34	1327	23.73	2980	1811	8382	9282	108.34	65.76	4.27	3.02	7.07	210.45	0.065	0.58	5.83	33.64	0.43	0.78
BESC-396	249.37	36	1203	29.71	2651	1642	9626	8813	57.13	67.39	4.44	3.55	5.79	78.51	0.093	0.51	10.79	30.07	0.17	0.56
BESC-397	265.28	47.81	1728	22.8	2447	1820	6247	10471	59.07	71.62	4.09		6.26	175.33	0.105	0.74	7.68	38.41	0.27	1.06
BESC-399	214.67	91.37	1449	16.66	2684	1757	8754	8662	112.37	81.77	7.13	2.65	7.04	170.14	0.064	0.67	5.44	34.45	0.26	1.05
BESC-40	522.02	52.62	1302	10.05	2422	1582	7471	6668	50.34	62.91	3.87	3.04	5.53	170	0.068	0.79	5.57	22.23	0.13	0.43
BESC-401	263.34	49.28	1161	12.6	1944	1359	5175	4908	34.03	88.92	3.27	2.32	8.6	117.71	0.088	0.55	5.22	15.27	0.18	0.55
BESC-402	290.5	43.08	1256	17.75	2657	1755	9072	6556	112.22	70.1	7.25	3.3	13.21	134.34	0.067	0.56	7.84	22.98	0.29	0.63
BESC-404	202.71	57.44	1702	38.76	2482	1796	10021	8160	90.44	53.73	6.26	6.03	5.36	140.01	0.063	0.5	7.4	28.52	0.35	0.73
BESC-405	245.98	57.38	1841	11.06	2379	1926	5173	15602	55.85	145.36	2.71	2.64	3.97	144.08	0.125	0.84	6.82	60.98	0.41	0.7
BESC-406	253.35	41.67	1552	22.85	2334	1663	7538	7335	73.4	75.4	4.3	1.79	5.36	115.73	0.061	0.67	7.32	27.65	0.45	0.43
BESC-41	214.29	40.12	2430	6.59	2383	1829	7390	14029	70.31	121.1	2.23	2.22	4.43	162.54	0.142	0.62	5.91	50.3	0.27	1.08
BESC-410	265.54	37.15	1505	19.68	2749	1751	7601	9117	66.74	111.14	7.45	4.22	5.57	96.95	0.073	0.54	10.04	29.72	0.14	0.77
BESC-416	224.63	31.07	2179	7.37	2842	2050	8344	12557	121.69	119.75	1.84	1.76	5.57	201.38	0.154	0.71	4.96	44.94	0.15	1.01
BESC-417	220.32	43.68	2108	23.3	2580	1768	5302	9209	45.22	153.55	2.63	2.73	5.1	273.14	0.192	0.7	4.57	33.12	0.18	0.48
BESC-419	471.27	64.47	1718	6.15	1936	1333	4460	8424	30.95	75.77	1.57	2.42	5.41	85.41	0.105	0.72	3.92	31.94	0.15	0.4
BESC-42	209.13	35.45	1685	7.01	2064	1388	5030	6432	54.78	103.64	2.42	2.03	3.91	68.75	0.182	0.57	5.47	23.32	0.14	0.58
BESC-430	229.45	32.28	991	7.65	1696	1137	5419	2567	34.82	88.47	0.84	0.68	2.77	38.2	0.076	0.42	2.47	8.83	0.09	0.26
BESC-432	258.73	49.11	1424	25.56	2808	2145	9368	9741	120.79	131.57	5.89	3.67	8.9	209.24	0.096	0.53	7.06	35.73	0.45	1.13
BESC-434	202.47	37.79	2097	12.81	2749	1854	7549	16762	79.71	75.4	5.58	3.11	5.22	203.15	0.108	0.84	5.33	67.5	0.21	0.84
BESC-436	219.83	31.94	1493	5.9	2753	1764	7270	9334	51.82	105.05	3.35	2.61	6.34	146.44	0.071	0.66	5.74	31.86	0.13	0.7
BESC-437	236.4	28.69	1240	8.63	2487	1766	9548	7864	72.52	129.72	2.94	3.26	6.99	148	0.096	0.75	6.45	26.23	0.23	1
BESC-438	421.69	32.44	1888	21.29	2263	1587	4743	7523	67.52	76.35	3.88	2.35	3.99	95.19	0.077	0.74	4.67	26.8	0.32	0.4
BESC-440	184.7	26.15	2241	17.51	2704	1762	6907	10974	81.47	101.56	3.37	2.3	7.68	180.5	0.075	0.67	3.77	38.63	0.26	0.86
BESC-444	461.76	48.72	1694	13.05	2473	1804	7346	8824	63.4	90.52	4.65	3.63	5.48	187.53	0.075	0.79	6.11	29.3	0.25	0.69
BESC-446	200.86	35.78	1754	11.41	2232	1554	6425	8113	36.93	86.77	3.9	3.26	5.92	231.83	0.106	0.58	5.89	24.88	0.19	0.43
BESC-448	354.83	42.09	1527	21.61	2744	1872	8320	8240	95.18	56.55	6.23	2.46	8.09	115.66	0.058	0.66	6.56	28.28	0.64	0.85
BESC-45	247.48	35.63	1543	19	2473	1617	7422	7935	66.13	139.9	2.66	2.43	5.42	123.91	0.115	0.63	4.81	27.65	0.28	0.53
BESC-450	243.45	60.89	1666	17.95	2777	1845	10200	9887	83.62	65.91	4.36	3.46	5.08	151.42	0.056	0.65	6.6	37	0.4	0.83
BESC-451	375.18	26.69	1491	15.09	2358	1499	6327	6129	61.85	65.13	4.99	2.57	5.44	110.36	0.082	0.73	6.32	18.39	0.42	0.64
BESC-453	214.1	33.6	1683	23.86	2123	1765	7109	11101	67.89	67.63	3.09	2.81	6.69	171.35	0.056	0.56	4.01	38.64	0.21	0.72
BESC-454	392.59	22.57	1438	36	2533	1849	10311	9527	110.22	127.68	9.33	3.92	7.41	156	0.064	0.68	8.58	36.77	0.55	0.86
BESC-455	248.46	46.19	2255	9.77	2344	1591	5679	9816	37.17	84.38	2.77	2.5	6.76	231.56	0.057	0.53	4.32	33.96	0.34	0.41
BESC-456	173.54	42.7	1518	21.86	2508	1940	7570	7138	98.82	203.34	4.16	2.63	5.33	167.13	0.077	0.54	8.67	22.04	0.55	0.62
BESC-457	161.54	22.46	1771	11.45	1989	1427	4858	6466	45.05	282.6	1.22	1.74	4.21	162	0.211	0.67	2.57	23.32	0.24	0.34
BESC-459	248.64	33.46	1687	16.58	2385	1685	7463	13048	72.98	98.85	5.8	3.76	5.38	167.66	0.075	0.77	5.41	51.87	0.45	0.67
BESC-465	208.99	40.67	1939	16.54	2757	1775	7555	8834	58.71	151.94	4.16	4.46	5.32	140.63	0.092	0.76	5.64	28.8	0.26	0.56
BESC-466	252.94	45.56	2302	9.97	2832	1806	6854	12496	59.38	113.9	2.44	3.05	5.66	212.99	0.099	0.62	5.98	41.24	0.3	0.8
BESC-467	332.97	34.58	1381	10.66	2471	1626	6880	7055	55.73	94.56	2.48	2.23	5.34	102.87	0.099	0.63	6.6	24.26	0.16	0.53
BESC-468	214.71	36.77	1823	13.29	2263	1756	6126	9492	83.75	124.22	2.75	2.75	5.3	115.12	0.132	0.61	4.95	39.71	0.24	0.51
BESC-469	214.56	46.04	1441	13.82	2518	1741	8852	9747	66.69	75.16	5.75	3.41	6.36	116.28	0.088	0.56	8.4	34.25	0.12	0.88
BESC-47	262.88	59.44	1832	12.62	2713	1689	8610	10532	69.86	98.82	4.66	4.57	4.58	80.28	0.063	0.59	6.81	34.82	0.18	0.86
BESC-470	452.14	59.04	2218	12.69	2355	1711	4830	9860	94.21	171.11	2.98	2.53	4.71	125.13	0.132	0.72	4.13	36.22	0.26	0.53
BESC-51	394.53	38.49	2217	16.86	2614	1917	8084	9725	97.73	67.87	3.38	1.73	5.52	165.6	0.07	0.71	7.15	35.14	0.3	1.33
BESC-52	237.98	50.36	1446	7.67	2116	1319	5857	7779	32.18	86.57	2.25	2.61	5.99	155.32	0.157	0.68	4.31	28.7	0.24	0.4
BESC-55	236.13	36.88	1876	27.96	2380	1659	6196	11188	40.63	104.28	1.85	4.12	5.77	162.39	0.116	0.55	4.56	39.52	0.19	0.75
BESC-56	207.66	40.26	1771	7.17	2286	1552	6723	9403	58.8	63.06	3.9	2.28	4.71	114.47	0.057	0.52	5.75	34.45	0.12	0.68
BESC-58	296.13	61.6	1993	11.83	2537	1739	7805	11767	66.38	93.91	5.72	3.46	8.58	216.95	0.078	0.61	6.43	40.42	0.53	1.23
BESC-60	178.25	36.91	1524	9.97	2276	1579	7756	10060	53.63	112.87	2.31	2.02	28.87	174.29	0.072	0.64	6.43	34.7	0.17	1.04
BESC-61	263.9	62.23	1684	17.4	2643	1759	8189	7727	69.87	59.82	5.28	4.16	6.38	111.99	0.054	0.6	5.72	24.67	0.35	0.66
BESC-62	256.5	50.62	2327	8.54	2548	1612	6333	8704	60.64	97.53	4.17	6.57	6.59	123.67	0.065	0.66	3.71	29.2	0.18	0.75
BESC-66	256.7	62.18	2081	15.01	2493	1876	6580	9651	56.82	110.54	3.36	4.17	5.34	150.72	0.102	0.54	5.7	32.79	0.34	0.9
BESC-67	238.68	52	2038	6.13	2303	1492	6767	7266	43.88	85.44	4.64	2.5	5.3	155.73	0.117	0.54	3.07	24.29	0.16	0.42
BESC-7	239.33	61.75	1573	7.52	2263	1601	6910	6009	88.96	84.45	1.76	1.69	6.16	170.92	0.085	0.67	2.24	19.76	0.2	0.91
BESC-70	258.38	51.13	1717	18.17	2490	1832	8193	9839	82.25	66.24	6.64	3.2	16.6	179.73	0.057	0.4	4.93	34.65	0.32	0.76
BESC-72	242	32.48	1842	7.07	2374	1474	5511	7128	57.41	68.75	1.63	1.82	4.91	91.77	0.111	0.64	5.07	24.26	0.19	0.62
BESC-74	295.73	54.83	2034	10.71	2589	1641	8685	10985	80.88	132.4	3.81	3.39	5.23	199.96	0.09	0.68	6.92	40.86	0.24	0.69
BESC-78	205.12	23.03	1358	17.78	2189	1523	6699	6299	75.05	54.63	6.08	3.04	7.66	207.18	0.06	0.62	3.98	19.9	0.2	0.49
BESC-79	260.78	39.07	2212	11.69	2330	1535	5446	11734	139.15	113.7	5.02	3.78	6.55	208.12	0.1	0.5	4.55	38.73	0.28	0.94
BESC-8	208.6	61.21	1859	5.26	1846	1389	4709	6996	36.41	90.35	3.36	2.45	3.03	133.37	0.091	0.54	6.13	24.64	0.09	0.76
BESC-802	249.49	37.51	2295	9.52	1981	1553	3910	9911	38.93	91.76	2.36	2.44	6.83	201.84	0.076	0.64	3.42	35.72	0.35	0.62
BESC-805	198.39	44.85	1731	16.3	2296	1500	5628	8548	54.61	52.6	3.35	2.7	4.66	80.78	0.052	0.63	6.97	26.23	0.16	0.81
BESC-806	224.5	36	1082	11.46	2723	1578	10405	4451	35.09	131.62	5.01	2.96	6.63	96.82	0.132	0.72	10.28	12.15	0.21	0.24
BESC-808	446.69	31.18	2180	16.67	2584	1824	7492	10806	80.15	137.91	3.32	11.06	6.54	200.14	0.12	0.7	4.82	39.58	0.25	1.17
BESC-81	253.1	42.57	1458	19.45	1879	1410	7443	8032	47.92	56.16	4.24	4.08	10.06	153.78	0.051	0.52	4.8	25.53	0.09	0.56
BESC-810	230.57	41.26	1679	11.56	2687	1563	5666	5692	56.68	242.26	1.76	1.43	6.97	153.4	0.176	0.59	5.05	18.72	0.27	0.23
BESC-814	211.55	45.07	2617	11.84	2564	1940	5992	13042	59.24	76.23	4.09	5	5.11	139.94	0.072	0.67	5.63	50.99	0.48	1.01
BESC-818	414.08	23.95	2028	19.94	2454	1742	7400	13236	89.28	92.15	4.69	5.32	4.89	172.55	0.079	0.76	6	50.98	0.15	1.14
BESC-821	225.56	37.76	1352	20.83	2365	1718	8153	9329	92.79	66.01	5.1	2.6	5.66	160.36	0.061	0.57	5.02	36.02	0.38	1.02
BESC-822	276.63	53.09	1116	28.25	2614	1702	7469	8795	76.18	60.49	4.79	3.46	5.83	243.77	0.064	0.55	6.22	29.15	0.32	0.8
BESC-825	190.66	55.55	1279	24.8	2155	1555	7055	10192	85.92	68.61	4.34	2.34	5.03	104.16	0.052	0.45	4.18	40.64	0.19	0.74
BESC-826	205.78	27.99	1899	21.56	2269	1808	6339	8941	70.99	82.6	4.36	3.12	5.59	103.65	0.066	0.51	5.06	33.2	0.34	0.55
BESC-829	213.94	25.07	1778	12.94	2029	1536	5233	7097	90.21	130.26	3.97	2	3.46	163.62	0.089	0.46	3.87	27.07	0.54	0.46
BESC-83	233.45	74.3	1924	7.49	2415	1423	5758	7302	28.85	98.4	4.2	7.31	6.11	229.47	0.067	0.61	2.74	24.34	0.34	0.38
BESC-832	246.32	24.27	1965	6.35	1962	1408	4713	9854	37.91	61.46	2.48	1.66	4.14	102.86	0.057	0.5	4.83	34.01	0.28	0.89
BESC-833	242.9	38.74	1382	9.16	2480	1673	7758	5339	52.15	160.39	2.82	1.69	5.46	74.11	0.086	0.6	7.54	17.32	0.15	0.32
BESC-837	231.21	40.32	2104	22.25	2135	1635	5561	9399	67.93	67.02	5.34	4.36	15.88	122.86	0.09	0.53	8.85	33.54	0.25	0.76
BESC-838	232.97	49	2222	16.83	2432	1480	5522	11431	52.62	113.52	2.99	3.64	4.82	147.49	0.068	0.54	5.91	40.28	0.21	0.99
BESC-841	333.56	26.05	2144	12.91	1797	1399	4682	5528	46.08	175.04	3.4	2.36	4.32	84.44	0.138	0.7	4.77	20.12	0.31	0.36
BESC-843	181.94	26.57	1722	21.66	2487	1891	6326	12116	121.26	68.17	6.92	3.1	6.93	146.8	0.047	0.55	4.26	48.74	0.66	1.3
BESC-844	273.35	26.95	2224	11.24	2288	1809	5119	8440	67.96	94.43	4.94	2.74	5.62	129.24	0.079	0.6	4.8	30.55	0.57	0.58
BESC-845	264.16	49.5	2082	10.37	2548	1912	8449	12292	53.84	59.72	3.95	2.94	6.64	182.87	0.06	0.76	7.27	47.14	0.22	1.1
BESC-847	221.92	49.86	1340	25.93	2379	1709	7911	9363	73.8	61.34	5.02	3.31	5.35	127.58	0.052	0.62	5.07	35.7	0.35	0.92
BESC-848	237.68	43.95	1309	16.47	2658	1701	8400	9821	63.91	131.31	5.55	3.39	5.51	111.2	0.127	0.78	8.57	37.49	0.26	0.58
BESC-849	247.74	49.54	1463	18.42	2231	1712	6219	7070	70.53	102.49	7.22	2.93	4.57	99.36	0.061	0.73	5.83	24.87	0.22	0.78
BESC-852	219.76	28.45	2165	36.74	2734	2099	8200	10921	121.38	109.83	6.54	7.61	10.26	146.29	0.071	0.69	5.64	40.63	0.46	1.02
BESC-855	194.15	23.54	1266	9.88	2174	1548	8073	7022	92.89	105.54	2.18	1.31	4.87	122.43	0.115	0.54	7.95	24.53	0.32	0.63
BESC-856	219.23	25.68	2116	10.73	2510	1789	6105	10577	117.92	227.21	3.46	2.4	5.68	167.33	0.131	0.68	5.77	36.55	0.32	0.6
BESC-858	238.58	53.98	2215	10.99	2684	1824	8506	14694	73.03	112.26	4.92	4.9	5.36	192.01	0.089	0.78	8.62	56.64	0.22	1.58
BESC-859	225	35.95	1086	125.94	2607	1599	8556	4671	39.93	86.3	4.73	2.34	5.55	101.76	0.08	0.56	7.15	10.08	0.35	0.45
BESC-860	273.09	34.39	1933	10.57	2335	1860	7229	13348	65.81	77.04	4.11	3.18	5.46	163.55	0.076	0.67	6.99	48.54	0.32	0.95
BESC-863	225.66	63.71	1691	14.48	2439	1694	6458	8351	42.36	165.81	2.22	3.76	5.26	101.71	0.191	0.75	7.75	31.96	0.17	0.39
BESC-865	224.94	42.46	2227	11.28	2411	1783	5576	12897	58.79	109.94	3.13	3.63	5.98	120.66	0.088	0.82	7.34	47.75	0.21	0.69
BESC-867	198.98	34.81	1406	12.5	2569	1748	8688	7666	71.55	146.04	1.36	1.5	5.07	156.48	0.139	0.81	5.57	25.77	0.25	0.55
BESC-868	208.96	36.25	1676	64.01	2744	1763	7631	9103	101.34	173.82	3.81	2.96	6.28	160.95	0.088	0.78	4.55	33.38	0.43	0.42
BESC-869	214.5	31.43	1575	33.91	2392	1596	6782	10947	86.46	62.33	5.77	6.39	6.36	138.9	0.05	0.63	5.45	40.48	0.4	0.89
BESC-87	199.11	48	1227	29.85	2674	1832	10195	7913	100.7	81.04	7.44	6.1	7.28	133.61	0.076	0.53	6.44	25.04	0.36	0.62
BESC-870	369.89	35.93	1219	43.13	2548	1671	8854	7967	80.78	91.52	6.08	7.07	6.77	191.55	0.08	0.87	5.73	27.87	0.48	0.61
BESC-872	220.03	57.88	1932	13.06	2199	1286	4519	9442	39.15	121.38	2.92	2.74	4.18	151.59	0.092	0.43	4.03	33.09	0.41	0.61
BESC-873	245.84	49.14	1841	12.86	3002	1906	8929	11543	44.61	69.74	2.5	3.99	8.03	239.17	0.063	0.69	6.51	39.38	0.25	0.72
BESC-874	254.96	45.07	1284	9.71	2388	1822	8438	9827	68.68	96.32	2.23	2.28	6.47	173.09	0.087	0.68	8.91	38.02	0.12	0.88
BESC-877	192.35	31.08	1532	11.63	2168	1509	5897	6550	48.35	73.89	2.96	3.09	7.45	77.72	0.062	0.75	3.28	21.63	0.33	0.48
BESC-878	210.35	29.58	1452	44.27	2351	1810	7597	10113	118.94	71.33	4.16	2.26	5.52	158.26	0.067	0.7	5.34	41.14	0.36	0.88
BESC-880	439.22	35.8	1376	8.17	2336	1576	6116	6899	42.65	144	2.67	2.5	5.14	151.43	0.122	0.67	3.24	23.94	0.25	0.45
BESC-881	248.57	37.17	1930	7.26	2401	1594	5931	10251	44.01	106.88	4.24	3.04	4.63	166.83	0.082	0.5	6.96	36.19	0.34	0.65
BESC-882	263.62	47.66	1912	11.47	2852	1700	7818	13978	83.94	113.29	2.89	2.69	14.07	145.03	0.073	0.64	5.6	48.37	0.29	0.9
BESC-883	322.75	43.44	2113	12.94	2878	1535	6001	10256	31.84	81.3	1.75	3.01	5.06	180.45	0.066	0.56	3.28	35.53	0.4	0.44
BESC-885	250.98	53.97	1403	12.77	2720	1764	8196	8451	47	194.83	3.32	3.59	6.1	107.77	0.093	0.71	12.1	26.35	0.2	0.41
BESC-886	219.3	29.57	2331	11.61	2549	1712	7580	12941	104.2	110.01	4.44	2.23	6.04	182.33	0.1	0.6	6.69	49.72	0.44	0.67
BESC-887	466.96	65.18	2123	31.17	2056	1545	4939	7016	36.54	100.35	2.44	2.63	12.99	84.22	0.109	0.45	5.17	24.79	0.42	0.39
BESC-888	206.93	28.94	1621	12.97	2605	1891	6764	9010	61.46	87.1	4.44	2.61	6.63	152.63	0.095	0.54	5.79	32	0.35	0.68
BESC-890	222.6	49.3	2138	12.03	1956	1734	4866	7935	58.18	129.97	3.64	3.17	4.33	130.03	0.075	0.69	6.46	28.42	0.42	0.74
BESC-892	202.97	38.14	1719	16.19	2316	1683	6164	8002	39.74	103.2	2.61	3.98	5.09	133.26	0.099	0.6	4.49	28.08	0.34	0.59
BESC-893	212.02	37.72	1296	26.83	2634	1766	9225	7995	135.31	227.78	3.53	1.59	6.86	193.36	0.118	0.53	8.18	26.11	0.34	0.68
BESC-896	463.29	40.3	1431	9.81	2347	1729	6480	6717	44.91	130.55	2.08	1.88	5.02	103.41	0.107	0.63	4.07	24.39	0.22	0.32
BESC-897	291.17	52.72	2361	17.3	2361	1983	8346	17006	101.64	77.74	6.18	4.21	6.55	148.37	0.075	0.77	9.36	64.7	0.31	1.46
BESC-898	231.89	38.9	1862	10.56	2391	1809	7618	12788	74.64	124.38	2.31	2.88	5.49	195.7	0.084	0.63	3.55	48.82	0.22	0.94
BESC-9	263.46	73.35	2190	9.73	2284	1806	6696	10196	55.96	84.6	5.43	3.65	4.44	148.89	0.077	0.58	7.13	35.15	0.18	1.17
BESC-90	344.05	67.58	1923	15.71	2647	1812	9035	7804	81.14	197.06	3.08	3.01	6.37	142.21	0.134	0.62	4.24	23.17	0.12	0.52
BESC-900	225.41	46.6	1267	15.36	2800	1808	9911	6183	76.42	176.78	2.65	2.5	6.77	139.88	0.146	0.56	4.35	20.98	0.19	0.46
BESC-901	262.09	29.72	1964	18.78	2733	1953	8601	12315	109.76	69	4.71	2.7	5.68	242.47	0.08	0.55	6.67	45.19	0.59	0.86
BESC-902	426.63	31.45	1772	13.5	2264	1664	6693	6938	36.5	129.64	1.89	4.71	5.24	151.23	0.17	0.6	4.27	24.37	0.29	0.3
BESC-903	204.87	35.07	1803	16.42	2474	1980	7746	8175	106.69	238.48	3.66	1.38	6.13	214.16	0.119	0.7	7.59	26.72	0.32	0.53
BESC-905	202.1	40.45	1191	13.23	2555	1699	9786	7221	60.95	70.67	4.12	3.35	5.14	145.01	0.052	0.62	5.46	23.28	0.2	0.57
BESC-906	404.53	33.73	1544	11.3	2195	1705	6515	5244	62.68	257.35	2.47	1.91	4.54	106.58	0.139	0.93	3.32	16.86	0.22	0.38
BESC-907	260.55	70.72	1940	11.24	2368	1751	7600	10458	56.29	150.9	4.1	2.9	5.72	214.07	0.13	0.55	7.81	39.52	0.22	0.79
BESC-909	415.09	26.21	1436	28.34	2684	1808	10201	9770	92.36	89.43	5.16	3.73	6.52	222.62	0.089	0.67	9.17	35.9	0.46	0.82
BESC-910	205.74	30.81	1305	9.18	1968	1374	5317	10779	48.82	61.68	3.4	2.85	4.25	110.54	0.068	0.66	5.89	38.43	0.14	0.97
BESC-911	246.76	29.51	1493	19	2467	1796	6716	10247	87.17	62.06	7.03	3.02	8.48	207.05	0.057	0.75	4.21	38.17	0.33	0.92
BESC-92	307.38	78.81	2291	12.68	2280	1582	6962	11238	51.79	91.86	5.78	4.67	5.58	240.75	0.096	0.73	6.58	37.2	0.27	0.75
BESC-96	231.05	45.19	2018	11.62	2898	1923	8621	12801	126.76	65.39	5.15	2.73	6.01	317.81	0.069	0.72	5.54	42.93	0.35	1.31
BLCG-28-1	221.95	36.26	1550	11.16	2271	1659	8817	6839	66.49	60.75	3.72	1.99	5.5	150.62	0.058	0.62	6.75	22.38	0.37	0.5
BLCG-28-3	227.39	26.16	1891	17.22	2562	1812	7711	10496	135.74	90.88	5.88	2.78	8.83	258.84	0.113	0.7	7.1	38.32	0.36	0.84
CA-02-01	253.25	40.01	2149	9.35	2039	1448	4159	7003	73.17	90.39	1.12	1.76	5.45	95.05	0.107	0.62	2.06	24.69	0.1	0.57
CA-03-01	228.31	43.53	1693	8.17	2663	1676	6924	8618	99.48	121.83	1.86	3.62	6.59	149.45	0.058	0.55	3.23	32.17	0.04	1.05
CA-04-04	407.03	48.63	2925	8.27	3335	2032	7379	10396	83.66	109.15	8.59	4.97	10.78	157.65	0.062	0.77	5.16	34.26	0.19	0.72
CA-04-05	317.16	103.35	1656	11.17	2213	1345	6059	6089	22.5	39.64	1.37	2.15	4.65	98.71	0.054	0.71	3.06	23.86	0.06	0.36
CA-05-01	393.75	86.95	1285	218.29	2144	1564	8752	5544	82.99	95.47	2.02	2.29	5.3	108.11	0.103	0.55	5.06	19.51	0.2	0.64
CA-05-04	524.37	46.97	2555	11.23	2278	1947	5304	9618	79.37	63.15	3.72	3.31	4.63	124.48	0.074	0.76	4.47	37.48	0.41	0.95
CHWH-27-1	254.84	51.22	1948	8.28	2315	1673	5475	10484	43.42	68.9	3.66	2.51	6.97	118.53	0.046	0.65	3.98	36.99	0.21	0.66
CHWH-27-5	213.73	25.95	1542	14.26	2382	1660	6131	7326	83.79	100.23	3.26	1.99	5.12	120.14	0.098	0.45	4.05	26.14	0.18	0.51
CHWJ-27-2	200.76	37.61	1580	12.49	2000	1693	6475	7918	79.34	56.53	4.94	2.42	6.2	120.14	0.044	0.57	4.12	28.04	0.45	0.95
CHWK-27-3	330.44	27.9	1548	8.72	1977	1579	5340	5079	55.61	142.84	2.47	2.66	4.71	97.94	0.098	0.66	3.34	17.02	0.3	0.49
CMBF-28-1	232.44	39.83	2183	11.11	2441	1851	6140	10506	54.57	77.93	4.42	3.51	6.32	127.63	0.076	0.48	7.3	36.12	0.37	0.78
CMBF-28-3	229.78	41.46	2050	12.37	2616	1891	6967	11683	58.4	84.01	5.02	3.99	6.99	210.4	0.076	0.83	8.4	45.06	0.33	1.32
CMBF-28-4	215.19	32.68	1632	14.38	2551	1728	7485	6962	63.8	102.43	4.76	2.74	5.83	152.97	0.071	0.53	5.89	20.97	0.4	0.74
CNYH-28-2	244.08	41.98	1278	22.16	2726	1882	10142	9512	54.15	72.34	4.99	4.19	14.29	193.97	0.085	0.58	10.5	36.3	0.22	0.92
CNYH-28-3	206.9	33.09	1707	11.52	2392	1630	7447	10406	66.18	59.05	5.12	3.35	5.04	112.84	0.08	0.62	9.25	34.85	0.2	0.86
CNYH-28-4	265.55	33.99	1398	21.71	2768	1922	10161	9878	84.58	71.86	8.26	4.4	7.73	186.64	0.06	0.64	9.19	35.72	0.43	0.75
DENA-17-4	234.79	25.66	2183	21.92	2033	1386	4890	8081	51.83	51.31	5.52	5.81	7.57	110.6	0.076	0.65	10.43	25.28	0.18	0.55
DENB-17-1	459.59	42.62	1228	10.57	2602	1947	8379	5607	72.06	74.74	5.1	2.2	8.56	185.45	0.078	0.78	6.44	16.95	0.71	0.59
DENB-17-3	391.67	48.79	1739	5.47	2306	1710	5905	10498	40.93	65.01	2.57	2.79	5.85	150.62	0.105	0.57	4.65	38.15	0.27	0.8
DENB-17-5	269.41	37.89	1749	46.4	2373	1862	7230	8715	88.9	71.43	7.1	6	9.25	98.99	0.068	0.65	8.88	28.74	0.4	1.12
DENC-17-4	191.99	39.71	1852	5.55	2343	1537	7188	8368	78.26	79.42	2.12	1.84	8.01	116.06	0.067	0.53	4.12	23.7	0.26	2
DEND-17-1	210.31	38.22	1598	11.88	2426	1616	7201	7695	80.64	66.88	3.5	2.78	6.46	153.84	0.07	0.61	4.85	25.42	0.3	0.59
DEND-17-4	402.68	47.1	1889	19.86	2604	2018	7605	10569	108.34	123.96	6.42	3.02	6.78	208.49	0.085	0.55	7.2	38.53	0.6	0.79
FNYI-28-4	222.7	64.08	1119	7.5	2156	1263	10098	4333	24.08	77.54	2.7	3.62	4.58	85.2	0.095	0.65	8.64	13.5	0.28	0.31
GLCB-26-1	224.27	57.54	940	15.03	2273	1543	7986	5619	45.41	51.85	6.17	3.96	5.41	139.32	0.055	0.56	4.9	19.15	0.27	0.47
GW-10956	226.88	50.71	1952	17.39	2687	1682	9260	7799	172.35	161.24	4.55	2.88	5.89	225.59	0.136	0.8	8.68	29.98	0.41	1.65
GW-10957	246.6	54.87	1405	25.32	2568	1686	7398	6397	74.74	111.78	5.3	2.51	6	202.2	0.08	0.56	6.01	22.91	0.32	0.6
GW-10958	376.41	36.09	1236	13.4	2622	1720	8131	9502	93.29	66.03	6.34	2.46	6.52	174.34	0.058	0.75	4.17	34.17	0.27	1.55
GW-10982	321.22	47.23	1971	8.3	2421	1667	6142	10273	62.19	138.37	2.56	2.53	4.47	125.76	0.106	0.57	4.52	37.04	0.17	1.29
GW-10983	187.82	28.78	804	8.78	1981	1197	6396	5649	32.07	78.15	1.67	1.48	3.81	105.52	0.067	0.56	4.67	19.4	0.11	0.34
GW-10984	195.63	44.1	1461	27.65	2079	1638	6131	8692	73.59	66.8	4.98	4.41	4.58	83.38	0.052	0.57	3.91	33	0.3	0.65
GW-10987	362.18	31.01	1399	8.3	1880	1278	4733	7192	33.23	125.67	1.35	1.19	2.89	86.09	0.113	0.65	3.42	26.83	0.21	0.36
GW-10989	215.33	54.72	1778	14.25	2458	1725	7185	9185	56.4	65.43	4.18	3.2	5.15	84.51	0.071	0.68	8.36	30.96	0.29	0.65
GW-10992	254.03	44.79	1297	18.66	2027	1424	6691	4866	57.22	64.06	4.29	2.42	10.73	146.12	0.083	0.5	7	17.31	0.44	0.46
GW-10993	270.81	52.57	2422	23.65	3198	2096	9436	8359	96.72	163.35	7.36	4.43	8.2	206.79	0.165	0.63	9.86	28.11	0.33	0.69
GW-10995	252.01	75.09	2085	14.43	3312	1683	6142	9203	43.81	116.08	1.91	1.8	4.51	140.01	0.085	0.61	4.21	28.6	0.29	0.62
GW-10997	231.37	27.16	1074	31.36	1999	1356	6806	5624	51.94	54.92	2.74	1.64	5.18	87.26	0.056	0.47	5.16	21.6	0.29	0.3
GW-10999	200.21	23.04	1719	10.4	2864	1843	8176	10099	103.35	164.3	1.82	1.75	6.66	174.7	0.141	0.69	5.37	37.76	0.21	0.86
GW-11001	264.51	112.15	1687	10.55	2439	1606	8610	9155	47.35	105.25	3.57	2.87	5.67	106.95	0.114	0.52	7	32.93	0.12	0.8
GW-11011	289.62	37.36	1897	8.54	2707	1734	6323	10136	71.75	59.47	3.05	1.78	4.59	133.26	0.057	0.52	4.66	41.93	0.37	1
GW-11012	205.36	29.96	1212	16.21	2299	1889	8338	8668	121.86	59.12	4.8		5.24	170.87	0.062	0.62	5.78	32.47	0.5	1.37
GW-11014	297.58	30.87	1212	7.7	2110	1440	6249	5689	61.84	85.46	1.46	1.04	3.87	120.36	0.101	0.73	2.94	19.99	0.28	0.43
GW-11015	429.87	34.97	1771	24.87	2893	2053	9040	12861	169.15	76.08	7.57	4.2	6.63	228.75	0.066	0.7	6.77	52.42	0.63	1.42
GW-11019	465.77	45.72	1726	11.95	2540	1851	7149	8377	90.5	84.37	2.38	2.45	5.5	220.89	0.086	0.64	4.38	26.37	0.25	1.04
GW-11021	445.38	46.92	1809	8.34	2921	1614	8431	9068	55.6	127.72	2.59	2.85	4.85	160.15	0.164	0.66	6.62	30.1	0.19	0.67
GW-11024	386.86	29.78	1352	11.17	2395	1662	7039	6920	59.65	57.24	1.83	1.77	4.47	81.08	0.081	0.74	4.96	24.38	0.2	0.48
GW-11025	228.79	28.36	2210	10.52	2605	1720	6955	12906	60.32	102.04	4.51	3.78	13.67	223.86	0.079	0.55	6	45.84	0.2	0.8
GW-11027	186.78	25.98	1641	43.04	2249	1697	7783	9594	78.19	54.83	6.28	4.18	4.88	110.51	0.062	0.6	6	40.33	0.37	0.69
GW-11032	240.58	30.03	1323	12.56	2794	1865	11241	10248	62.58	73.06	5.13	4.56	5.64	164.77	0.097	0.68	9.98	39.56	0.17	0.74
GW-11033	174.04	36.08	1736	11.44	2604	2036	8513	8555	89.73	116.76	2.22	1.76	5	177.71	0.132	0.6	6.35	32.62	0.26	0.65
GW-11034	462.3	64.08	1275	9.58	2254	1445	7341	6095	44.22	60.04	2.63			153.17	0.122	0.68	4.06	21.64	0.13	0.53
GW-11037	238.95	40.86	1098	10.13	2279	1563	7344	6005	92.75	141.51	2.66	1.82	13.65	175.76	0.163	0.57	5.97	21.14	0.16	0.67
GW-11038	224.71	32.14	1860	18.69	2728	1947	9289	12537	128.34	64.5	6.97	3.68	7.2	190.17	0.069	0.56	7.2	47.97	0.32	1.29
GW-11041	548.21	49.15	979	14.8	2657	1890	14164	5298	95.8	68.82	6.02	3.6		201.58	0.076	0.77	10.91	14.66	0.28	0.7
GW-11042	266.55	92.11	1512	28.4	2920	1864	13153	8088	77.66	89.82	8.86	6.52	7.48	139.71	0.117	0.79	15.87	23.85	0.24	0.9
GW-11044	528.04	64.3	1378	18.38	2525	1600	8259	7292	113.39	71.72	5.2	3.54	5.74	200.7	0.068	0.65	6.4	22.52	0.17	1.03
GW-11046	198.64	31.24	1197	7.76	2045	1525	7557	4984	63.84	198.66	1.61	1.41	4.61	104.01	0.127	0.59	3.14	14.92	0.14	0.35
GW-11047	332.34	57.25	1503	8.98	2664	1764	9348	8777	95.9	199.94	3.87	3.51	6.15	227.74	0.158	0.6	8.45	30.07	0.07	0.99
GW-11048	243.22	36.02	1054	7.7	2285	1615	8295	7146	86.32	157.07	1.68	1.31	4.59	126.25	0.132	0.63	3.99	22.96	0.14	0.54
GW-11051	229.17	57.12	1793	29.55	2508	2138	11002	8634	79.63	86.4	4.95	3.19	9.41	166.52	0.057	0.43	6.36	27.73	0.2	0.63
GW-11052	316.67	45.21	1096	8.59	2257	1472	9569	4276	48.46	98.13	2.87	2.11	4.23	154.65	0.141	0.47	4.74	10.92	0.18	0.26
GW-11053	279.68	53.19	1408	12.15	2392	1639	8618	9743	71.86	59.98	5.33	3.4	6.06	109.35	0.062	0.87	10.74	37	0.28	1.14
GW-11054	276.9	46.64	1202	15.45	2343	1496	11957	5010	85.06	80.42	2.4	2.37	5.08	95.33	0.102	0.51	5.71	16.18	0.21	0.4
GW-4579	231.83	202.61	2054	9.08	2262	1648	5668	10682	60.87	104.35	6.04	3.56	6.07	114.09	0.072	0.48	4.93	36.42	0.29	0.94
GW-7976	215.02	41.25	1338	7.55	2371	1445	7594	11020	62.74	63.85	2.98	2.16	5.1	109.76	0.059	0.73	6.13	37.84	0.16	1.11
GW-7978	245.91	58.47	2166	9.88	2523	1679	7639	11092	54.81	99.53	3.34	3.17	5.78	195.8	0.078	0.51	4.22	38.11	0.19	0.81
GW-7979	216.8	48.15	1560	19	2091	1419	6676	7627	93.88	113.49	4.89	2.5	4.91	260.02	0.146	0.73	5.98	24.96	0.57	0.56
GW-7981	174.62	50.7	1781	14.31	2204	1491	5573	10009	43.27	167.34	3.15	3.99	4.67	159.76	0.136	0.73	3.74	35.23	0.23	0.57
GW-7982	208.66	44.96	2047	13.38	1899	1632	5789	7662	125.03	252.66	4.7	2.08	3.82	136.96	0.079	0.57	5.73	26.44	0.35	0.72
GW-7986	454.66	40.61	1534	9.82	2462	1576	9240	6839	49.07	127.98	5	2.62	10.84	174.99	0.122	0.68	7.01	23.2	0.19	0.49
GW-7990	268.03	52.45	1879	10.43	2042	1435	7368	7405	106.63	161.78	3.79	4.25	5.01	164.43	0.14	0.58	4.54	26.58	0.17	0.57
GW-7992	254.58	47.52	2222	20.14	2794	1923	8455	12725	75.97	91.16	5.8	5.56	8.94	175.08	0.068	0.69	7.66	40.48	0.16	1.32
GW-7993	218.8	101.47	1767	6.17	2803	1655	6596	6764	40.13	155.61	5.34	6.26	6.06	127.31	0.107	0.58	4.81	23.19	0.1	0.44
GW-7994	365.58	25.05	1162	8.04	2804	1736	10908	7850	86.85	128.98	2.54	2.68	6.17	162.4	0.062	0.87	4.95	24.71	0.21	0.56
GW-7996	195.69	33.48	1642	15.11	2432	1657	10066	8430	114.63	105.57	4.17	2.23	5.45	144.38	0.081	0.59	7.82	28.17	0.27	0.58
GW-9577	189.85	41.09	1735	32.57	2359	1869	6667	9295	102.12	61.75	8.62	4.72	5.3	131.18	0.048	0.96	4.5	36.18	0.37	1.14
GW-9578	221.43	35.49	1298	31.33	2676	1868	8810	8129	110.53	70.47	5.86	3.47	12.94	181.3	0.055	0.68	5.59	29.3	0.44	1.03
GW-9580	330.71	31.73	2416	12.14	2192	1691	5637	13919	48.83	76.45	3.06	3.13	6.01	226.57	0.078	0.75	5.19	52	0.2	0.86
GW-9582	213.62	25.98	1899	19.52	2289	1702	6303	10428	81.45	79.21	3.61	5.4	7.81	151.53	0.051	0.62	5.69	38.86	0.23	0.87
GW-9585	525.15	47.28	1861	8.11	2558	1988	6779	10306	77.54	115.17	4.33	2.94	5.83	279.7	0.108	0.99	4.36	40.48	0.28	1.41
GW-9587	193.36	34.06	1454	21.18	2502	1621	7042	7208	70.64	54.63	8.85	4.39	6.02	119.63	0.053	0.59	5.36	23.45	0.17	0.56
GW-9588	201.25	37.1	1657	25.85	2525	1656	7304	9108	79.54	117.54	4.63	10.44	13.89	159.68	0.076	0.44	7.65	36.33	0.2	1.08
GW-9591	445.34	61.06	1001	11.34	2788	1741	10564	4810	49.8	74.71	5.44	3.29	7.51	129.15	0.07	0.69	11.25	13.8	0.09	0.54
GW-9594	296.96	57.2	901	12.6	2502	1580	9529	4953	48.61	116.15	1.45	1.2	6.13	130.46	0.114	0.57	3.06	16.13	0.25	0.23
GW-9595	251.69	42.59	1735	29.32	3310	1961	8210	9061	100.4	89.49	6.02	4.56	7.92	169.23	0.064	0.57	3.61	31.97	0.38	0.79
GW-9756	222.33	39	1746	8.58	2167	1617	6424	9268	36.87	87.46	2.75	3.16	5.55	158.33	0.072	0.52	5.83	32.8	0.2	0.65
GW-9758	211.38	27.7	1796	6.78	2233	1604	7270	10344	47.17	100.59	4.19	3.41	6.95	157.08	0.087	0.54	7.78	38.36	0.2	0.88
GW-9759	177.83	35.68	1937	17.19	2145	1628	3609	9909	48.33	125.16	3.23	4.38	5.02	126.52	0.101	0.58	3.09	34.53	0.6	0.51
GW-9760	164.3	24.75	1360	4.91	2150	1539	5811	7129	42.4	101	3.97	2.04	4.97	137.29	0.103	0.51	4.67	26.03	0.2	0.42
GW-9761	234.64	56.49	1527	22.61	3073	2136	9872	8252	118.88	84.6	9.87	3.93	6.31	184.79	0.095	0.62	7.71	27.04	0.5	0.85
GW-9762	180.95	37.75	1375	14.02	2405	1622	7759	7278	83.73	114.59	1.5	1.43	4.61	126.84	0.094	0.66	5.77	26.53	0.28	0.44
GW-9768	243.79	29.12	1790	38.69	2917	2177	7796	12533	131.89	126.53	7.06	3.58	6.87	188.02	0.107	0.68	6.21	47.14	0.58	1.31
GW-9771	498.79	32.43	1142	9.87	2341	1779	9175	6672	54.65	93.84	2.4	2.92	5.81	124.85	0.111	0.68	4.16	23.82	0.25	0.47
GW-9772	238.81	68.04	1941	10.66	2142	1417	6268	9492	42.67	72.02	2.15	2.37	4.24	120.04	0.076	0.6	4.34	34.5	0.55	0.52
GW-9773	234.45	26.57	1548	8.44	1999	1323	5871	6979	63.74	187.92	1.93	2.11	3.42	58.38	0.143	0.48	5.37	25.54	0.16	0.37
GW-9774	202.5	24.86	1113	9.09	2006	1595	6241	7128	67.01	159.07	1.99	1.9	5.47	88.75	0.098	0.58	3.6	21.98	0.15	0.62
GW-9775	396.19	46.01	1276	20.01	2613	1664	8489	9089	84.56	71.09	6.19	3.45	10.81	193.19	0.079	0.63	6.17	36.15	0.33	0.68
GW-9776	262.41	28.53	1659	6.3	2492	1666	6726	11177	55.48	163.83	2.21	1.53	7.24	167.48	0.11	0.55	5.87	39.77	0.09	0.59
GW-9777	297.25	63.2	1070	8.47	2290	1582	8624	7552	72.98	108.16	2.41	2.02	6.22	141.06	0.1	0.54	7.22	25.1	0.2	0.87
GW-9780	403.37	45.13	1719	36.98	3003	2131	10609	10943	124.22	105.67	6.91	3.26	6.88	252.51	0.084	0.66	8.59	40.53	0.65	0.99
GW-9781	239.31	42.82	1513	18.02	2521	1707	6754	7197	85.95	99.82	4.61	2.43	5.95	166.42	0.07	0.54	5.6	25.75	0.24	0.39
GW-9784	496.63	59.19	1566	22.93	2365	1782	7255	6788	48.41	162.57	3.32	3.75	5.15	157.22	0.143	0.69	4.01	24.49	0.16	0.54
GW-9785	220.13	29.48	2238	11.7	2520	1808	7221	12655	61.91	70.76	4.51	2.98	6.17	130.98	0.058	0.67	7.8	44.05	0.26	0.87
GW-9786	193.47	27.97	1389	23.05	2531	1568	7641	6692	65.95	107.98	3.64	3.16	6.06	122.32	0.081	0.56	6.45	22.99	0.64	0.42
GW-9794	269.09	40.44	1441	12.24	2657	1785	9396	10078	58.98	126.76	3.53	3.07	5.93	137.18	0.079	0.78	5.68	33.23	0.34	0.84
GW-9796	202.42	36.64	1173	12.47	2298	1450	8896	6594	56.89	92.76	5.72	2.59	4.93	116.29	0.095	0.55	7.45	23.44	0.15	0.72
GW-9797	264.43	38.1	1386	13.66	2730	1805	8426	9010	53.03	197.03	4.06	2.58	5.86	145.06	0.095	0.65	6.49	29.04	0.4	0.52
GW-9798	231.37	47.1	1974	12.78	2178	1804	6034	13007	41.39	64.74	4.5	3.67	5.26	285.56	0.085	0.72	6	48.59	0.23	0.66
GW-9803	229.01	59.45	2019	10.12	2508	1552	6178	10688	45.32	99.77	4.81	4.01	6.01	172.58	0.088	0.75	5.68	37.54	0.27	0.73
GW-9804	255.81	68.69	2174	16.65	2509	1546	5483	12058	56.75	110.81	4.97	5.05	5.16	183	0.091	0.66	5.06	41.69	0.45	1.19
GW-9805	278.5	43.5	1289	21.97	2479	1778	8626	8536	71.73	163.85	5.48	2.79	5.36	122.62	0.124	0.5	8.18	27.94	0.28	0.79
GW-9809	239.32	34.76	1638	11.43	2693	1908	9600	5927	70.38	123.08	2.14	2.07	5.87	155.9	0.088	0.65	3.82	17.54	0.12	0.5
GW-9812	174.34	35.18	1491	14.11	2243	1460	7513	5349	76.18	170.35	1.73	1.64	3.98	94.22	0.173	0.49	3.41	17.97	0.18	0.34
GW-9814	245.64	34.91	1792	10.18	2688	1755	8834	10311	62.57	71.04	4.47	3.68	5.88	168.42	0.063	0.7	6.5	35.89	0.17	0.74
GW-9820	278.71	38.3	1924	17.38	2294	1484	5270	8545	86.36	99.98	4.05	2.35	4.55	145.82	0.104	0.55	4.67	33.07	0.42	0.81
GW-9821	220.56	36.97	1844	9.99	2550	1728	6462	14179	66.26	96.63	2.28	2.15	5.47	154	0.071	0.73	5.96	48.35	0.22	1.14
GW-9823	222.29	43.27	1717	12.78	2426	2130	7451	11267	125.45	323.27	3.51	1.94	4.36	194.62	0.156	0.63	8.16	37.91	0.64	0.64
GW-9829	340.97	26.9	1858	8.15	2002	1408	4965	7576	37.13	72.01	2.44	3.37	5.15	141.62	0.097	0.65	8.6	26.74	0.32	0.55
GW-9830	224.8	31.51	1461	10.48	2106	1502	7948	6137	69.41	130.85	2.18	2.74	5.34	166.31	0.114	0.57	3.21	19.94	0.15	0.55
GW-9831	267.46	53.25	1570	12.25	2495	1705	9070	12523	77.86	87.45	4.77	4.53	5.82	176.22	0.077	0.81	7.59	48.75	0.11	1.21
GW-9832	179.17	42.39	1779	15.16	2413	1676	6509	7962	92.94	119.94	2.68	2.64	4.56	167.88	0.104	0.77	6	29.71	0.13	0.79
GW-9833	198.96	38.95	1773	12.85	2764	1826	7803	9723	51.75	89.19	3.59	3.1	8.59	111.06	0.064	0.5	9.31	33.88	0.25	0.67
GW-9834	192.09	43.16	1308	18.48	2390	1578	7684	6857	54.52	82.95	3.37	2.45	5.41	113.24	0.08	0.53	5.36	24.17	0.25	0.41
GW-9838	192.48	36.86	1508	11.52	2134	1518	6364	7581	54.19	53.95	6.3	3.42	6.22	108.98	0.066	0.72	7.18	25.62	0.18	0.8
GW-9846	212.69	19.94	1480	13.81	2507	1726	7974	11576	102.97	64.23	2.86	1.64	6.3	191.29	0.072	0.73	5.97	42.08	0.64	0.78
GW-9847	251.89	55.79	1514	13.25	2541	1606	6847	6683	68.25	246.07	1.91	1.83	4.66	172.44	0.175	0.8	5.37	23.28	0.33	0.35
GW-9848	203.07	29.1	1616	10.84	2281	1498	5960	8509	43.79	94.44	1.88	1.88	5.18	73.79	0.1	0.55	5.36	28.48	0.28	0.65
GW-9850	450.76	43.68	1181	12.13	2130	1450	9812	6748	39.6	77.91	2.2	2.06	4.16	121.64	0.128	0.69	6.06	22.03	0.23	0.62
GW-9851	156.31	48.85	1232	12.95	2112	1360	6103	7229	56.64	45.55	4.61	2.11	3.85	119.92	0.051	0.59	4.56	24.14	0.15	0.55
GW-9852	226.51	45.34	2076	13.27	2800	1668	7872	10518	45.67	113.07	2.13	2.44	5.35	179.86	0.114	0.73	4.47	34.5	0.1	0.45
GW-9853	203.02	33.6	1920	15.12	2529	1950	6485	10028	37.09	155.7	3.01	3.54	6.31	155.11	0.101	0.64	6.27	36.16	0.17	0.55
GW-9854	176.29	40.14	1712	9.26	1890	1313	4275	6377	44.47	138.42	3.46	2.68	4.23	103.13	0.12	0.51	4.09	20.83	0.29	0.5
GW-9857	223.29	34.09	1476	9.76	2463	1646	6622	10988	70.88	163.33	2.66	3.18	5.4	137.38	0.112	0.95	3.93	40.02	0.11	0.48
GW-9858	252.51	32.68	1579	24.84	2287	1616	7055	9127	56.46	55.76	3.77	8.37	4.62	87.11	0.057	0.56	6.11	33.37	0.22	0.8
GW-9860	281.95	40.49	1387	27.53	2775	1969	10111	10367	100.36	68.8	6.08	3.23	6.66	200.55	0.064	0.67	6.88	38.94	0.57	0.76
GW-9862	184.24	30.7	1670	10.44	2430	1780	7325	9113	69.2	60.31	4.77	4	6.78	216.27	0.083	0.64	8.53	34.7	0.38	0.78
GW-9863	202.09	52.94	1605	22.28	2120	1421	5291	7094	29.78	98.73	1.55	5.02	7.32	97.71	0.109	0.47	4.17	23.13	0.16	0.38
GW-9864	175.43	33.88	1413	13.88	2545	1630	7427	5413	93.21	209.17	2.29	1.44	5.56	130.12	0.15	0.73	3.76	15.66	0.46	0.38
GW-9865	172.36	40.91	1534	11.24	2011	1470	6208	6921	81.23	109.48	2.38	1.09	4.38	104.44	0.092	0.59	6.46	22.88	0.32	0.42
GW-9869	271.36	58.02	3632	14.66	2873	2163	7365	20262	84.57	105.35	5.68	4.57	7.76	237.24	0.074	0.92	5.4	74.51	0.37	1.1
GW-9871	192.35	25.94	1815	8.36	1730	1409	4545	8079	41.4	87.13	3.96	3.61	4.88	107.07	0.082	0.6	5.99	31.15	0.38	0.54
GW-9875	168.8	29.24	1071	19.07	2304	1542	7750	4747	75.48	119.04	2.15	1.42	5.56	88.97	0.156	0.53	5.4	16.32	0.26	0.35
GW-9878	288.23	46.15	2332	20.34	2510	1672	5236	15441	89.39	67.78	3.95	5.09	6.64	179.08	0.06	0.81	5.41	52.41	0.44	1.1
GW-9880	278.82	45.04	1573	20.55	2692	1863	10058	8611	54.53	134.99	5.04	3.35	5.97	181.47	0.089	0.78	9.23	30.97	0.34	1.14
GW-9882	184.63	33.83	1168	10.59	2115	1374	6138	4908	57.74	123.39	1.7	1.36	4.59	105.94	0.128	0.47	4.08	17.04	0.18	0.33
GW-9884	209.29	45.4	2203	18.15	2054	1593	4247	8298	44.97	131.73	1.81	17.81	7.24	83.66	0.084	0.56	5.11	29.75	0.28	1.12
GW-9885	312.76	41.21	1343	13.91	2630	1626	8678	6636	73	70.39	3.38	2.71	5.81	161.74	0.092	0.61	7.63	20.8	0.32	0.61
GW-9886	223.43	39.99	2121	31.95	2388	1612	5950	7865	54.45	62.14	3.51	3.22	7.72	69.47	0.06	0.6	7.27	22.33	0.33	0.76
GW-9887	390.01	38.36	1643	21.36	2632	1967	7608	12811	124.29	61.3	4.37	2.22	5.65	302.65	0.053	0.71	6.19	50.37	0.61	1.58
GW-9889	230.43	26.89	2178	24.37	2373	1856	6567	12022	96.52	94.22	5.35	3.4	4.6	130.13	0.074	0.76	6.39	46.46	0.28	0.86
GW-9890	477.43	55.64	1426	13.26	2640	2082	8815	9500	112.72	105.71	3.8	3.32	5.94	168.39	0.131	0.78	7.66	35.28	0.26	1.05
GW-9892	217.39	27.75	1331	21.28	2388	1637	8576	7349	86.36	124.31	3.35	1.86	4.78	116.99	0.112	0.49	4.16	27.09	0.36	0.39
GW-9896	248.69	41.8	2255	24	3085	1946	9022	13276	98.8	78.55	4.82	2.79	5.44	229.07	0.089	0.63	5.43	53.99	0.49	0.8
GW-9898	202.67	31.54	1341	17.88	2461	1916	7600	4886	81.24	82.95	2.65	2.08	5.44	183.42	0.103	0.53	6.02	16.35	0.36	0.46
GW-9899	206.29	28.72	1647	25.45	2350	1831	6705	8094	93.91	81.64	6.46	3.7	5.54	220.77	0.089	0.76	4.51	31.03	0.41	0.99
GW-9901	204.89	23.66	1864	18.1	2516	1885	7155	7509	65.36	109.24	3.6	2.24	6.7	139.51	0.061	0.59	4.41	24.56	0.32	0.48
GW-9903	216.8	43.9	1885	19.07	2191	1531	5571	6093	86.39	190.85	3.52	1.9	5.54	170.18	0.091	0.53	5.75	21.91	0.33	0.54
GW-9904	275.74	30.56	1404	11.13	2545	1636	8782	8682	86.72	100.34	2.89	2.77	4.76	222.59	0.116	0.64	4.56	33.18	0.25	0.81
GW-9905	234.05	38.45	1710	26.94	2386	1861	7086	9100	115.83	86.94	6.26	4.06	5.34	144.67	0.059	0.68	5.41	33.29	0.42	1.12
GW-9907	239	110.28	1221	27.77	2440	1907	8780	9072	88.47	100.78	5.93	3.76	5.74	170.58	0.096	0.71	4.92	29.92	0.24	0.76
GW-9910	487.06	33.84	1390	14.62	2169	1427	7081	7676	64.77	109.72	1.99	1.66	3.86	140.64	0.119	0.58	3.69	28.05	0.32	0.69
GW-9911	205.27	31.96	1605	11.29	2893	1775	10723	8902	97.74	62.54	5.96	4.61	5.82	178.9	0.068	0.81	9.38	28.42	0.31	0.88
GW-9912	242.8	50.47	1579	13.35	2760	1882	7733	11002	84.65	128.51	6.24	3.38	5.72	146.47	0.11	0.72	7.82	41.88	0.26	0.72
GW-9914	217.51	28.93	1384	13.03	2280	1662	5965	6471	58.57	174.51	1.52	1.65	4.31	161.96	0.137	0.65	3.48	22.16	0.21	0.39
GW-9918	317.86	29.23	2147	18.99	2563	1954	6281	11854	95.91	77.23	6.04	5	5.88	160.02	0.056	1.08	5.02	45.35	0.22	1.21
GW-9919	253.46	30.95	848	27.67	2035	1451	8069	5385	65.76	63.92	3.09	2.16	6.55	99.87	0.066	0.55	6.04	19.15	0.41	0.61
GW-9920	254.86	33.91	2552	19.15	2363	1849	5409	12029	153.75	120.85	4.85	3.19	6.02	247.36	0.122	0.76	4.81	44.93	0.7	1.11
GW-9922	196.59	52.08	1169	17.21	2486	1596	8357	7406	65.25	144.83	7.27	4.14	6.39	137.72	0.127	0.73	8.81	25.35	0.25	0.79
GW-9947	214.04	44.84	1448	20.35	2646	1690	8207	10883	46.99	74.3	2.28	3.14	8.96	134.87	0.061	0.78	7.95	34.38	0.1	1.16
GW-9952	284.43	59.84	1992	16.4	2738	1934	6277	8777	66.18	104.61	6.57	3.53	5.47	155.32	0.097	0.69	4.6	29.61	0.19	0.9
GW-9955	656	87.95	1272	8.87	2644	1849	10286	8992	37.65	62.31	1.56	4	5.09	203.74	0.098	0.57	7.76	31.55	0.22	0.68
GW-9959	370.36	37.93	2185	9.17	2716	2120	6565	9808	84.85	186.09	3.48	3.7	5.76	220.79	0.097	0.92	4.88	36.2	0.37	1.19
GW-9961	294.31	58.33	2081	14.45	2647	1774	5912	11300	86.42	179.92	1.46	2.11	4.76	166.85	0.119	0.59	5	38.85	0.19	0.78
GW-9964	231.59	48.97	1587	12.22	2813	1993	8762	12508	76.86	69.01	6.18	3.47	6.13	162.37	0.075	0.63	7.52	46.6	0.22	1.17
GW-9965	366.59	31.14	1988	8.77	2234	1543	6250	9545	61.28	58.73	4.42	2.8	4.26	101.78	0.076	0.54	4.55	37.58	0.18	0.9
GW-9966	171.23	26.93	1936	10.32	2452	1538	5697	6090	75.92	143.47	1.88	1.72	4.95	110.53	0.151	0.5	4.36	22.02	0.13	0.37
GW-9967	233.38	38.53	2710	9.13	2198	1445	4700	9200	42.5	233.66	3.14	3.35	4.97	115.28	0.129	0.64	7.48	29.76	0.12	0.34
GW-9968	198.92	38.75	1547	13.94	2109	1408	8145	7539	47.75	65.48	4.11	3.5	4.75	135.01	0.059	0.45	6.66	24.89	0.22	0.59
GW-9969	231.86	50.99	2189	16.01	2458	1695	8090	11288	81.61	55.88	8.6	4.11	5.86	163.15	0.066	0.57	6.57	39.98	0.25	0.88
GW-9971	227.91	46.48	2028	6.67	2404	1726	6539	10116	57.95		3.86	3.06	4.7	152.97	0.224	0.62	6.32	37.05	0.08	0.49
HARA-26-2	252.58	24.55	1823	8.32	2708	1990	6456	8717	109.1	100.08	2.27	1.96	6.29	182.51	0.106	0.8	5.14	33.17	0.34	0.63
HARB-26-4	232.63	52.18	2535	21.26	2661	1852	8059	14750	118.48	90.78	6.91	3.11	8.83	229.67	0.068	0.84	4.5	57.69	0.29	1.07
HARB-26-5	268.22	70.92	2567	17.69	2385	1809	6316	11078	54.48	117.88	4.92	8.5	11.28	171.74	0.103	0.52	3.86	42.65	0.31	0.84
HARC-26-1	314.6	28.87	2069	19.75	2613	1707	7444	7956	100.72	87.82	6.13	4.17	5.82	185.76	0.095	0.66	7.28	26.14	0.35	0.82
HARC-26-4	194.24	24.1	1609	21.41	2582	1796	8107	8605	76.58	62.99	8.67	3.98	5.46	118.51	0.067	0.93	6.29	29.35	0.32	0.68
HARC-26-5	204.31	42.68	2009	17.87	2158	1560	5049	9071	34.36	90.2	1.26	4.66	4.69	157.42	0.122	0.58	2.99	30.66	0.29	0.46
HIRD-12-2	315.37	58.33	2177	17.06	3187	2242	8732	13026	127.91	87.94	3.77	5.32	7.09	196.89	0.085	0.73	7.66	53.13	0.36	1.05
HOMA-21-2	245.03	26.83	2578	9.62	2260	1560	4477	12485	62.33	52.81	1.4	4.74	4.64	149.57	0.051	0.55	2.13	46.24	0.37	0.71
HOMB-21-2	294.51	39.21	3369	10.41	2606	1921	5338	13851	57.39	84.51	6.58	4.43	6.44	210.12	0.085	0.55	7.48	50.16	0.39	2.17
HOMB-21-4	182.9	31.62	1894	24.88	2086	1571	5465	8602	58.78	55.7	8.4	5.53	4.81	116.22	0.057	0.69	3.46	32.56	0.3	0.63
HOMC-21-1	238.08	31.2	1730	20.35	2509	1980	7083	8930	82.2	137.32	3.55	3.37	5.49	218.06	0.127	0.58	5.99	33.32	0.31	0.59
HOMC-21-3	214.99	31.25	1708	25.7	2803	2073	10125	9146	98.55	62.36	6.93	6.42	7.92	160.96	0.048	0.64	6.65	34.01	0.54	0.78
HOMC-21-4	414.53	24.77	2137	10.76	2799	1882	6992	9983	76.32	128.51	5.99	3.86	6.18	201.43	0.132	0.81	4.84	34.4	0.33	0.6
HOMD-21-1	256.26	77.77	1534	43.91	2806	1653	7886	7856	35.81	66.19	4.96	5.62		180.31	0.072	0.55	6.08	24.33	0.3	0.56
HOMD-21-2	257.07	51.79	1681	61.3	2501	1745	6992	8044	86.36	92.45	5.62	5.48	7.6	127.74	0.069	0.57	4.37	27.65	0.73	1.08
HOMD-21-3	228.68	56.82	2063	8.27	2603	1717	5659	10147	66.37	81.7	7.02	5.35	8	218.43	0.105	0.82	4.8	36.66	0.54	0.66
HOMD-21-4	205.01	45.98	2363	12.98	2124	1595	5748	9652	45.39	141.13	2.16	3.75	6.97	106.89	0.131	0.52	5.35	35.61	0.37	0.52
HOPF-27-1	234.94	40.55	2506	8.33	2397	1668	5543	6770	55.77	83.19	2.25	2.33	5.64	245.7	0.101	0.55	3.19	22.4	0.25	0.68
HOPF-27-5	231.32	27.92	1642	25.45	2420	1804	6612	10741	72.48	69.56	8.91	4.36	6.97	98.54	0.062	0.56	4.25	37.85	0.35	0.84
HOPG-27-1	194.1	34.03	1738	13.83	2273	1652	7747	7774	79.07	288.38	2.34	2.4	5.77	144.79	0.205	0.59	4.62	26.87	0.26	0.35
HOPG-27-3	178.08	27.48	1656	8.9	2761	2081	10834	7202	81.6	103.94	6.85	3.12	7	122.2	0.074	0.58	12.22	23.1	0.2	0.72
HOPG-27-5	223.58	38.12	1701	35.25	2679	1922	8728	11942	93.91	74.48	9.12	8.16	13.47	158.52	0.058	0.58	7.86	39.19	0.16	1.21
HRSO-27-3	457.8	40.34	1826	17.62	2099	1730	5779	7328	75.73	71.85	4.42	2.1	4.98	184.35	0.068	0.65	5.91	27.04	0.47	0.62
HRSP-27-1	242.59	53.33	1385	18.12	2118	1547	7867	5550	38.21	44.04	4.78	3.9	3.8	60.27	0.048	0.49	5.96	16.87	0.2	0.39
HRSP-27-4	218.88	42.75	2072	10.82	2484	1902	6927	12552	58.17	75.64	4.64	5.75	5.39	198.61	0.088	0.53	3.87	45.1	0.17	1.02
HRSP-27-5	347.29	35.59	1729	19.11	2914	2210	9470	11369	94	108.62	5.42	4.2	5.37	253.62	0.088	0.63	7.66	42.65	0.4	0.68
KLNA-20-4	222.84	30.69	1918	15.33	2721	1688	7308	7315	102.16	146.32	4.73	2.81	6.86	215.22	0.113	0.64	5.56	22.56	0.35	0.62
KLNA-20-5	489.57	56.56	1680	30.9	2658	2187	8192	7591	89.07	118.96	6.2	3.42	7.25	223.97	0.087	0.57	8.32	24.41	0.79	0.66
KLNB-20-2	300.12	48.96	1672	14.22	2150	1967	6596	8896	51.36	61.49	5.65	4.45	5.52	214.07	0.104	0.72	6.68	30.16	0.4	0.73
KLNB-20-3	225.98	48.49	1526	17.78	2427	1741	9360	6516	51.13	58.37	6.12	4.47	5.79	128.58	0.088	0.55	8.6	20.69	0.31	0.61
KLND-20-1	246.68	39.33	2035	12.23	2332	1677	5468	9992	57.85	73.55	9.13	7.74	6.46	80.59	0.065	0.77	6.16	36.77	0.16	0.5
KLND-20-2	200.28	39.5	1293	12.17	2720	1824	11130	6805	91.45	139.55	2.66	2.29	6.74	177.58	0.169	0.58	7.11	21.01	0.24	0.84
KLND-20-3	290.04	22.92	1854	39.72	2660	1717	9045	11891	60.44	105.03	2.85	5.7	9.81	259.97	0.083	0.58	9.33	38.18	0.19	1.24
KLND-20-5	553.5	68.45	1455	23.75	3004	1866	10487	7081	60.71	78.7	9.47	9.41	7.78	190.2	0.108	0.53	11.21	21.55	0.37	0.66
KLNE-20-3	215.95	30.44	1804	30.33	2657	1932	7526	8091	106.14	62.51	9.25	7.87	5.45	198.13	0.056	0.77	7.08	27.76	0.34	1.18
KLNE-20-4	266.42	50.37	2576	12.53	3121	2073	8003	12089	108.2	80.46	8.18	4.82	7.28	240.92	0.099	0.87	5.97	44.52	0.28	1.83
KLNG-20-2	234.94	28.54	1945	25.13	2825	1977	9835	11708	157.19	79.16	7.69	4.31	7.96	294.34	0.078	0.63	8.6	42.15	0.66	1.25
KLNG-20-3	293.64	67.15	1481	26.76	2488	2189	7888	6427	110.81	171.04	4.9	2.08	6.38	151.63	0.126	0.65	7.09	19.68	0.45	0.67
KLNG-20-4	216.32	34.3	1837	16.94	2406	1809	7808	7980	94.67	93.42	8.4	4.65	9.87	178.16	0.065	0.73	8.88	28.59	0.42	0.82
KTMA-12-3	447.17	62.35	1271	20.03	2735	2000	10443	9866	92.32	99.4	2.71	5.67	5.46	192.13	0.094	0.71	10	34.75	0.56	1.35
KTMA-12-4	493.24	34.52	1990	37.17	2791	2017	9704	12878	194.37	118.34	11.17	5.63	8.07	285.94	0.094	0.98	9.68	49.08	0.45	1.83
KTMB-12-1	187.08	40.8	1211	29.97	2725	1794	8256	8594	97.43	88.95	10.11	12.07	9.41	200.68	0.058	0.64	6.94	30.37	0.76	0.54
KTMB-12-3	243.22	46.09	696	12.86	1804	1312	6093	5736	60.42	60.59	5.31	5.46	4.72	125.13	0.046	0.6	4.63	22.79	0.43	0.59
KTMC-12-3	179.2	21.59	1912	4.78	1863	1624	5447	8803	53.88	78.67	2.81	2.84	5.26	135.11	0.086	0.82	5.25	32.29	0.26	0.65
KTMC-12-5	224.91	35.1	2025	19.24	2480	1623	8145	9894	90.15	65.06	2.48	4.99	5.75	125.83	0.065	0.67	7.26	37.74	0.53	1
LILA-26-1	224.36	30.72	1909	8.31	2181	1702	6919	8224	48.83	71.87	3.92	3.27	5.94	173.27	0.072	0.61	5.6	27.04	0.18	0.91
LILA-26-4	312.5	53.59	1941	49.72	2738	2170	8272	10096	82.83	62.89	7.18	9.91	6.72	168.17	0.066	0.61	9.53	32.26	0.11	1.3
LILB-26-1	242.38	49.04	1742	94.91	2854	1901	9182	9059	58.39	157.92	4.09	4.38	9.08	153.1	0.113	0.76	6.33	28.74	0.27	0.67
LILC-26-4	218.54	37.55	1634	14.39	2215	1763	6847	7544	91.8	68.74	6.49	3.23	5.72	188.29	0.098	0.71	7.4	28.74	0.27	1.08
LILC-26-5	280.56	35.93	1098	13.56	2213	1648	6989	3842	73.7	148.22	2.4	1.37	5.81	102.9	0.214	0.57	4.86	11.9	0.15	0.35
LILD-26-3	267.62	34.31	1667	26.41	2245	1831	6528	5581	72.61	90.97	3.82	2.06	5.16	114.31	0.069	0.81	5.87	17.68	0.54	0.44
LILD-26-4	217.31	15.5	1176	4.72	1341	1064	2924	4371	28.37	50.4	2.47	1.72	2.66	85.24	0.062	0.63	2.32	16.26	0.06	0.21
MCMN-27-2	238.98	41.9	1680	8.23	2057	1529	5113	8526	42.96	126.11	4.27	2.94	6.94	141.49	0.154	0.48	5.03	31.53	0.33	0.73
MCMN-27-3	221.98	67.98	2099	32.98	3293	2233	9620	13488	108.35	125.04	7.47	4.35	6.96	302.05	0.092	0.89	6.02	50.5	0.59	0.99
MCMN-27-4	234.34	40.03	1753	17.84	2605	1795	6692	13194	173.54	63.15	7.57	3.47	5.84	295.29	0.069	0.79	3.89	50.96	0.46	1.54
MTSM-27-3	333.17	58.92	1756	45.25	2457	1677	6999	5481	66.39	144.13	6.45	4.14	6.37	177.68	0.081	0.6	6.95	13.9	0.22	0.57
NHTA-27-3	270.25	46.66	1695	13.94	2948	1881	9760	8819	92.27	92.76	5.04	3.53	5.71	98.79	0.076	0.51	10	29.36	0.17	0.99
NHTB-27-1	368.63	38.48	1414	14.07	2592	1922	8790	9255	66.15	57.55	4.54	3.16	6.33	172.24	0.069	0.87	7.65	32.61	0.29	0.6
NHTB-27-3	246.14	44.62	1740	6.81	2125	1571	6716	7559	34.88	75.22	5.23	4.8	5.27	131.91	0.111	0.62	12.62	25.93	0.31	0.7
SKWA-24-4	254.63	40.87	2628	21.45	2494	1721	6466	11201	79.51	72.06	5.66	7	6.68	175.83	0.073	0.69	5.86	36.78	0.49	0.69
SKWA-24-5	397.58	40.97	2025	12.99	2408	1941	7634	10044	107.6	174.74	2.94	3.06	6.64	89.95	0.116	0.67	4.39	37.12	0.24	0.85
SKWB-24-3	261.35	26.89	1476	12.75	2694	1870	12631	10281	91.96	86.53	1.8	2.47	5.6	218.58	0.09	0.68	3.97	37.05	0.13	0.95
SKWD-24-4	283.7	63.23	1469	7.53	2471	1506	8612	6582	28.87	88.46	2.5	2.74	5.82	175.68	0.081	0.59	11.41	19.95	0.08	0.4
SKWD-24-5	227.74	33.56	1790	19.7	2714	1820	7917	8131	85.85	103.92	5.55	3.25	7.4	214.97	0.095	0.74	6.02	28.98	0.34	0.58
SKWE-24-1	197.71	36.81	1860	81.88	2564	1770	7417	9033	79.67	99.95	4.49	4.49	5.83	130.87	0.095	0.63	4.53	32.7	0.4	0.54
SKWE-24-2	248.53	39.1	1392	14.18	2630	2541	9747	4419	65.64	284.8	4.96	5.66	6.7	124.4	0.25	0.64	10.49	11.73	0.55	0.26
SKWE-24-4	298.02	52.65	2827	12.01	3061	2139	8607	16839	74.07	100.71	6.8	4.47	7.51	242.71	0.108	0.81	8.27	62.35	0.31	1.63
SKWF-24-5	248.24	61.43	1925	28.27	2527	1832	8166	8559	68.74	63.35	6.12	4.11	6.56	118.2	0.059	0.73	5.84	30.01	0.44	0.67
SLMB-28-3	180.38	41.14	1275	15.58	2601	1819	7247	8665	57.41	96.06	4.98	3.08	7.01	125.54	0.069	0.65	7.44	31.61	0.26	0.69
SLMB-28-4	213.25	65.9	1296	8.05	2272	1649	7245	4611	55.44	102.4	3.1	2.57	4.5	77.39	0.068	0.49	7.51	14.26	0.41	0.71
SLMC-28-1	203.08	40.37	1924	20.59	3980	1980	7376	10934	73.74	153.32	5.46	2.79	10.88	168.01	0.072	0.68	6.89	37.26	0.34	0.86
SLMC-28-2	191.99	35.73	1475	18.48	3088	2113	8699	10791	112.47	108.17	5.02	2.64	7.35	200.57	0.084	0.69	5.58	35.47	0.49	0.79
SLMC-28-3	210.05	30.07	1879	8.62	2233	1524	5837	10181	42.1	113.65	4.17	3.27	5.48	149.65	0.081	0.66	5.15	39.35	0.2	0.72
SLMD-28-1	209.94	31.74	1476	10.01	2485	1532	7417	5801	57.51	58.47	3.14	2.11	6.75	154.89	0.051	0.42	4.65	16.8	0.68	0.5
SQMA-25-1	225.21	42.43	1946	10.84	2687	1835	8533	10649	75.96	81.17	5.2	4.34	5.29	164.3	0.063	0.64	5.21	34.91	0.31	0.88
SQMB-25-3	178.51	19.54	1700	14.24	2172	1619	7057	7900	114.4	170.98	3.45	2.64	4.65	145.07	0.131	0.55	8	27.68	0.31	1
SQMB-25-4	229.97	26.33	1722	7.99	2266	1638	5989	8979	53.77	104.35	2	2.1	5	110.65	0.101	0.61	4.3	32.65	0.23	0.46
VNDL-27-1	172.85	18.6	948	12.23	1554	1159	6277	3697	35.54	118.3	1.74	0.94	2.62	45.74	0.126	0.41	3.91	9.74	0.24	0.12
VNDL-27-3	157.63	24.56	1223	7.23	2143	1601	6777	8063	65.63	71.37	0.92	1.62	4.56	113.61	0.066	0.66	4.13	24.31	0.36	0.7
VNDL-27-4	386.66	32.25	1251	7.9	2118	1543	5502	9153	49.23	126.57	3.5	2.7	5.28	172.91	0.091	0.53	4.55	34.39	0.16	0.41
VNDL-27-5	324.62	23.83	1970	12.34	2654	2112	9555	11290	118.3	132.95	6.19	3.42	5.62	262.28	0.111	0.69	8.59	40.6	0.3	1.3
WELC-27-1	210.2	46.36	927	31.63	1813	1309	5503	6163	62.35	66.13	4.19	2.46	4.46	154.27	0.065	0.49	2.99	23.73	0.23	0.47
WELC-27-2	230.69	48.15	1451	9.26	2543	1559	7118	7148	45.58	79.94	3.54	3.89	5.75	74.6	0.067	0.66	4.66	20.88	0.18	0.52
WELC-27-3	222.12	47.98	1301	15.82	2295	1703	5928	8122	61.9	174.54	5.08	3.28	6.34	116.78	0.114	0.62	7.12	29.58	0.4	0.52
WELC-27-4	239.63	31.14	2077	11.15	2560	1660	5951	11795	83.34	83.74	8.03	3.85	5.76	161.22	0.064	0.65	5.34	43.92	0.21	1.32
WELC-27-5	235.14	28.44	1680	6.68	2075	1455	5482	10108	71.76	153.27	2.11	2.12	3.56	156.41	0.113	0.63	2.68	38.89	0.12	0.66
YALD-27-2	441.67	38.88	1254	8.61	2500	1738	9210	6500	70.26	110.52	4.83	2.83	7.48	189.23	0.122	0.64	6.16	22.62	0.24	0.54
YALE-27-1	457.56	28.66	1771	8.23	2317	1907	8115	8634	63.19	77.05	5.09	3.85	6.68	120.06	0.077	0.56	6.71	28.35	0.27	0.71
YALE-27-2	257.47	46.53	2038	17.81	2590	2064	7529	10748	62.26	114.04	3.69	15.66	8.69	121.75	0.073	0.75	7.01	33.27	0.37	0.66